timestamp,pm25_0,pm25_1,pm25_2,pm25_3,temperature,humidity
1605942720,12.0,0.0,13.0,0.0,20.1,45.6
1605942721,12.0,0.0,13.0,0.0,20.1,45.6
1605942722,12.0,0.0,13.0,0.0,20.1,45.6
1605942723,12.0,0.0,13.0,0.0,20.1,45.6
1605942724,12.0,0.0,13.0,0.0,20.1,45.6
1605942725,12.0,0.0,13.0,0.0,20.1,45.6
1605942726,12.0,0.0,13.0,0.0,20.1,45.6
1605942727,12.0,0.0,13.0,0.0,20.1,45.6
1605942728,12.0,0.0,12.0,0.0,20.1,45.5
1605942729,12.0,0.0,12.0,0.0,20.1,45.5
1605942730,12.0,0.0,12.0,0.0,20.1,45.5
1605942731,12.0,0.0,12.0,0.0,20.1,45.5
1605942732,12.0,0.0,13.0,0.0,20.1,45.5
1605942733,12.0,0.0,13.0,0.0,20.1,45.6
1605942734,12.0,0.0,12.0,0.0,20.1,45.6
1605942735,12.0,0.0,12.0,0.0,20.1,45.6
1605942736,12.0,0.0,12.0,0.0,20.1,45.6
1605942737,12.0,0.0,12.0,0.0,20.1,45.6
1605942738,12.0,0.0,12.0,0.0,20.1,45.6
1605942739,12.0,0.0,12.0,0.0,20.1,45.6
1605942740,12.0,0.0,12.0,0.0,20.1,45.6
1605942741,12.0,0.0,12.0,0.0,20.1,45.6
1605942742,13.0,0.0,12.0,0.0,20.1,45.6
1605942743,12.0,0.0,12.0,0.0,20.2,45.7
1605942744,12.0,0.0,12.0,0.0,20.2,45.7
1605942745,12.0,0.0,12.0,0.0,20.2,45.7
1605942746,12.0,0.0,12.0,0.0,20.2,45.7
1605942747,13.0,0.0,11.0,0.0,20.2,45.7
1605942748,13.0,0.0,11.0,0.0,20.1,45.6
1605942749,13.0,0.0,11.0,0.0,20.1,45.6
1605942750,13.0,0.0,11.0,0.0,20.1,45.6
1605942751,13.0,0.0,11.0,0.0,20.1,45.6
1605942752,13.0,0.0,11.0,0.0,20.1,45.6
1605942753,13.0,0.0,11.0,0.0,20.1,45.6
1605942754,13.0,0.0,11.0,0.0,20.1,45.6
1605942755,13.0,0.0,11.0,0.0,20.1,45.6
1605942756,13.0,0.0,11.0,0.0,20.1,45.6
1605942757,13.0,0.0,11.0,0.0,20.1,45.6
1605942758,13.0,0.0,11.0,0.0,20.1,45.6
1605942759,13.0,0.0,12.0,0.0,20.1,45.6
1605942760,12.0,0.0,12.0,0.0,20.1,45.6
1605942761,12.0,0.0,12.0,0.0,20.1,45.6
1605942762,12.0,0.0,13.0,0.0,20.1,45.6
1605942763,12.0,0.0,13.0,0.0,20.1,45.6
1605942764,12.0,0.0,11.0,0.0,20.1,45.6
1605942765,12.0,0.0,11.0,0.0,20.1,45.6
1605942766,12.0,0.0,11.0,0.0,20.1,45.6
1605942767,12.0,0.0,11.0,0.0,20.1,45.6
1605942768,12.0,0.0,10.0,0.0,20.1,45.5
1605942769,12.0,0.0,10.0,0.0,20.1,45.5
1605942770,12.0,0.0,10.0,0.0,20.1,45.5
1605942771,11.0,0.0,10.0,0.0,20.1,45.5
1605942772,11.0,0.0,10.0,0.0,20.1,45.5
1605942773,11.0,0.0,11.0,0.0,20.1,45.1
1605942774,11.0,0.0,11.0,0.0,20.1,45.1
1605942775,11.0,0.0,11.0,0.0,20.1,45.1
1605942776,12.0,0.0,12.0,0.0,20.1,45.1
1605942777,12.0,0.0,12.0,0.0,20.1,45.1
1605942778,12.0,0.0,12.0,0.0,20.1,44.8
1605942779,12.0,0.0,12.0,0.0,20.1,44.8
1605942780,12.0,0.0,12.0,0.0,20.1,44.8
1605942781,12.0,0.0,12.0,0.0,20.1,44.8
1605942782,12.0,0.0,12.0,0.0,20.1,44.8
1605942783,12.0,0.0,12.0,0.0,20.1,44.6
1605942784,12.0,0.0,12.0,0.0,20.1,44.6
1605942785,12.0,0.0,12.0,0.0,20.1,44.6
1605942786,12.0,0.0,12.0,0.0,20.1,44.6
1605942787,12.0,0.0,12.0,0.0,20.1,44.6
1605942788,12.0,0.0,12.0,0.0,20.1,44.4
1605942789,12.0,0.0,12.0,0.0,20.1,44.4
1605942790,12.0,0.0,12.0,0.0,20.1,44.4
1605942791,12.0,0.0,12.0,0.0,20.1,44.4
1605942792,12.0,0.0,12.0,0.0,20.1,44.4
1605942793,12.0,0.0,11.0,0.0,20.1,44.4
1605942794,12.0,0.0,11.0,0.0,20.1,44.4
1605942795,12.0,0.0,11.0,0.0,20.1,44.4
1605942796,12.0,0.0,10.0,0.0,20.1,44.4
1605942797,12.0,0.0,10.0,0.0,20.1,44.4
1605942798,12.0,0.0,10.0,0.0,20.1,44.6
1605942799,12.0,0.0,9.0,0.0,20.1,44.6
1605942800,12.0,0.0,9.0,0.0,20.1,44.6
1605942801,12.0,0.0,9.0,0.0,20.1,44.6
1605942802,12.0,0.0,8.0,0.0,20.1,44.6
1605942803,12.0,0.0,8.0,0.0,20.1,44.6
1605942804,11.0,0.0,8.0,0.0,20.1,44.6
1605942805,11.0,0.0,8.0,0.0,20.1,44.6
1605942806,11.0,0.0,8.0,0.0,20.1,44.6
1605942807,11.0,0.0,8.0,0.0,20.1,44.6
1605942808,11.0,0.0,9.0,0.0,20.1,44.9
1605942809,11.0,0.0,9.0,0.0,20.1,44.9
1605942810,11.0,0.0,10.0,0.0,20.1,44.9
1605942811,11.0,0.0,10.0,0.0,20.1,44.9
1605942812,11.0,0.0,10.0,0.0,20.1,44.9
1605942813,11.0,0.0,11.0,0.0,20.1,45.0
1605942814,11.0,0.0,11.0,0.0,20.1,45.0
1605942815,11.0,0.0,11.0,0.0,20.1,45.0
1605942816,11.0,0.0,11.0,0.0,20.1,45.0
1605942817,12.0,0.0,12.0,0.0,20.1,45.0
1605942818,12.0,0.0,12.0,0.0,20.1,45.0
1605942819,12.0,0.0,12.0,0.0,20.1,45.0
1605942820,12.0,0.0,12.0,0.0,20.1,45.0
1605942821,12.0,0.0,12.0,0.0,20.1,45.0
1605942822,12.0,0.0,12.0,0.0,20.1,45.0
1605942823,12.0,0.0,12.0,0.0,20.0,44.9
1605942824,12.0,0.0,12.0,0.0,20.0,44.9
1605942825,12.0,0.0,12.0,0.0,20.0,44.9
1605942826,12.0,0.0,12.0,0.0,20.0,44.9
1605942827,12.0,0.0,12.0,0.0,20.0,44.9
1605942828,12.0,0.0,12.0,0.0,20.1,45.0
1605942829,11.0,0.0,11.0,0.0,20.1,45.0
1605942830,11.0,0.0,11.0,0.0,20.1,45.0
1605942831,11.0,0.0,11.0,0.0,20.1,45.0
1605942832,11.0,0.0,11.0,0.0,20.1,45.0
1605942833,11.0,0.0,11.0,0.0,20.1,45.1
1605942834,11.0,0.0,11.0,0.0,20.1,45.1
1605942835,12.0,0.0,10.0,0.0,20.1,45.1
1605942836,12.0,0.0,10.0,0.0,20.1,45.1
1605942837,12.0,0.0,10.0,0.0,20.1,45.1
1605942838,12.0,0.0,10.0,0.0,20.1,45.1
1605942839,12.0,0.0,11.0,0.0,20.1,45.1
1605942840,12.0,0.0,11.0,0.0,20.1,45.1
1605942841,13.0,0.0,11.0,0.0,20.1,45.1
1605942842,13.0,0.0,11.0,0.0,20.1,45.1
1605942843,13.0,0.0,11.0,0.0,20.2,45.2
1605942844,13.0,0.0,11.0,0.0,20.2,45.2
1605942845,13.0,0.0,11.0,0.0,20.2,45.2
1605942846,13.0,0.0,12.0,0.0,20.2,45.2
1605942847,13.0,0.0,12.0,0.0,20.2,45.2
1605942848,13.0,0.0,12.0,0.0,20.1,45.2
1605942849,13.0,0.0,12.0,0.0,20.1,45.2
1605942850,12.0,0.0,12.0,0.0,20.1,45.2
1605942851,12.0,0.0,12.0,0.0,20.1,45.2
1605942852,12.0,0.0,13.0,0.0,20.1,45.2
1605942853,12.0,0.0,13.0,0.0,20.1,45.3
1605942854,11.0,0.0,13.0,0.0,20.1,45.3
1605942855,11.0,0.0,13.0,0.0,20.1,45.3
1605942856,11.0,0.0,13.0,0.0,20.1,45.3
1605942857,11.0,0.0,13.0,0.0,20.1,45.3
1605942858,11.0,0.0,12.0,0.0,20.1,45.4
1605942859,11.0,0.0,12.0,0.0,20.1,45.4
1605942860,11.0,0.0,12.0,0.0,20.1,45.4
1605942861,12.0,0.0,11.0,0.0,20.1,45.4
1605942862,12.0,0.0,11.0,0.0,20.1,45.4
1605942863,12.0,0.0,11.0,0.0,20.1,45.4
1605942864,12.0,0.0,11.0,0.0,20.1,45.4
1605942865,12.0,0.0,11.0,0.0,20.1,45.4
1605942866,12.0,0.0,11.0,0.0,20.1,45.4
1605942867,11.0,0.0,10.0,0.0,20.1,45.4
1605942868,11.0,0.0,10.0,0.0,20.1,45.4
1605942869,11.0,0.0,10.0,0.0,20.1,45.4
1605942870,12.0,0.0,10.0,0.0,20.1,45.4
1605942871,12.0,0.0,10.0,0.0,20.1,45.4
1605942872,12.0,0.0,10.0,0.0,20.1,45.4
1605942873,12.0,0.0,10.0,0.0,20.2,45.3
1605942874,12.0,0.0,10.0,0.0,20.2,45.3
1605942875,12.0,0.0,10.0,0.0,20.2,45.3
1605942876,12.0,0.0,10.0,0.0,20.2,45.3
1605942877,12.0,0.0,9.0,0.0,20.2,45.3
1605942878,12.0,0.0,9.0,0.0,20.1,45.4
1605942879,12.0,0.0,9.0,0.0,20.1,45.4
1605942880,12.0,0.0,9.0,0.0,20.1,45.4
1605942881,12.0,0.0,9.0,0.0,20.1,45.4
1605942882,12.0,0.0,9.0,0.0,20.1,45.4
1605942883,11.0,0.0,9.0,0.0,20.1,45.5
1605942884,11.0,0.0,9.0,0.0,20.1,45.5
1605942885,11.0,0.0,9.0,0.0,20.1,45.5
1605942886,11.0,0.0,9.0,0.0,20.1,45.5
1605942887,11.0,0.0,9.0,0.0,20.1,45.5
1605942888,11.0,0.0,9.0,0.0,20.1,45.6
1605942889,11.0,0.0,9.0,0.0,20.1,45.6
1605942890,12.0,0.0,9.0,0.0,20.1,45.6
1605942891,12.0,0.0,9.0,0.0,20.1,45.6
1605942892,12.0,0.0,9.0,0.0,20.1,45.6
1605942893,12.0,0.0,9.0,0.0,20.1,45.6
1605942894,12.0,0.0,9.0,0.0,20.1,45.6
1605942895,12.0,0.0,10.0,0.0,20.1,45.6
1605942896,12.0,0.0,10.0,0.0,20.1,45.6
1605942897,12.0,0.0,10.0,0.0,20.1,45.6
1605942898,12.0,0.0,10.0,0.0,20.1,45.6
1605942899,12.0,0.0,10.0,0.0,20.1,45.6
1605942900,12.0,0.0,10.0,0.0,20.1,45.6
1605942901,12.0,0.0,10.0,0.0,20.1,45.6
1605942902,12.0,0.0,10.0,0.0,20.1,45.6
1605942903,13.0,0.0,10.0,0.0,20.1,45.6
1605942904,13.0,0.0,10.0,0.0,20.1,45.6
1605942905,13.0,0.0,10.0,0.0,20.1,45.6
1605942906,13.0,0.0,10.0,0.0,20.1,45.6
1605942907,13.0,0.0,11.0,0.0,20.1,45.6
1605942908,13.0,0.0,11.0,0.0,20.1,45.5
1605942909,13.0,0.0,11.0,0.0,20.1,45.5
1605942910,13.0,0.0,10.0,0.0,20.1,45.5
1605942911,13.0,0.0,10.0,0.0,20.1,45.5
1605942912,13.0,0.0,10.0,0.0,20.1,45.5
1605942913,13.0,0.0,10.0,0.0,20.1,45.5
1605942914,13.0,0.0,10.0,0.0,20.1,45.5
1605942915,13.0,0.0,10.0,0.0,20.1,45.5
1605942916,13.0,0.0,11.0,0.0,20.1,45.5
1605942917,13.0,0.0,11.0,0.0,20.1,45.5
1605942918,12.0,0.0,11.0,0.0,20.1,45.5
1605942919,12.0,0.0,11.0,0.0,20.1,45.5
1605942920,12.0,0.0,11.0,0.0,20.1,45.5
1605942921,12.0,0.0,11.0,0.0,20.1,45.5
1605942922,11.0,0.0,11.0,0.0,20.1,45.5
1605942923,11.0,0.0,10.0,0.0,20.1,45.5
1605942924,11.0,0.0,10.0,0.0,20.1,45.5
1605942925,11.0,0.0,10.0,0.0,20.1,45.5
1605942926,11.0,0.0,10.0,0.0,20.1,45.5
1605942927,11.0,0.0,10.0,0.0,20.1,45.5
1605942928,10.0,0.0,10.0,0.0,20.2,45.7
1605942929,11.0,0.0,10.0,0.0,20.2,45.7
1605942930,11.0,0.0,10.0,0.0,20.2,45.7
1605942931,11.0,0.0,10.0,0.0,20.2,45.7
1605942932,11.0,0.0,10.0,0.0,20.2,45.7
1605942933,11.0,0.0,10.0,0.0,20.1,45.6
1605942934,11.0,0.0,10.0,0.0,20.1,45.6
1605942935,11.0,0.0,10.0,0.0,20.1,45.6
1605942936,11.0,0.0,10.0,0.0,20.1,45.6
1605942937,11.0,0.0,9.0,0.0,20.1,45.6
1605942938,11.0,0.0,9.0,0.0,20.2,45.7
1605942939,11.0,0.0,9.0,0.0,20.2,45.7
1605942940,11.0,0.0,9.0,0.0,20.2,45.7
1605942941,11.0,0.0,9.0,0.0,20.2,45.7
1605942942,11.0,0.0,9.0,0.0,20.2,45.7
1605942943,10.0,0.0,9.0,0.0,20.2,45.7
1605942944,10.0,0.0,9.0,0.0,20.2,45.7
1605942945,10.0,0.0,9.0,0.0,20.2,45.7
1605942946,10.0,0.0,9.0,0.0,20.2,45.7
1605942947,10.0,0.0,9.0,0.0,20.2,45.7
1605942948,10.0,0.0,9.0,0.0,20.2,45.7
1605942949,10.0,0.0,9.0,0.0,20.2,45.7
1605942950,11.0,0.0,9.0,0.0,20.2,45.7
1605942951,11.0,0.0,9.0,0.0,20.2,45.7
1605942952,11.0,0.0,9.0,0.0,20.2,45.7
1605942953,11.0,0.0,9.0,0.0,20.1,45.6
1605942954,11.0,0.0,9.0,0.0,20.1,45.6
1605942955,11.0,0.0,9.0,0.0,20.1,45.6
1605942956,11.0,0.0,9.0,0.0,20.1,45.6
1605942957,11.0,0.0,9.0,0.0,20.1,45.6
1605942958,11.0,0.0,9.0,0.0,20.1,45.6
1605942959,11.0,0.0,9.0,0.0,20.1,45.6
1605942960,11.0,0.0,9.0,0.0,20.1,45.6
1605942961,11.0,0.0,9.0,0.0,20.1,45.6
1605942962,11.0,0.0,9.0,0.0,20.1,45.6
1605942963,11.0,0.0,9.0,0.0,20.1,45.6
1605942964,11.0,0.0,9.0,0.0,20.1,45.6
1605942965,11.0,0.0,9.0,0.0,20.1,45.6
1605942966,11.0,0.0,9.0,0.0,20.1,45.6
1605942967,11.0,0.0,9.0,0.0,20.2,45.7
1605942968,11.0,0.0,10.0,0.0,20.2,45.7
1605942969,11.0,0.0,10.0,0.0,20.2,45.7
1605942970,11.0,0.0,10.0,0.0,20.2,45.7
1605942971,11.0,0.0,11.0,0.0,20.2,45.7
1605942972,11.0,0.0,11.0,0.0,20.2,45.7
1605942973,11.0,0.0,11.0,0.0,20.2,45.7
1605942974,11.0,0.0,11.0,0.0,20.2,45.7
1605942975,11.0,0.0,11.0,0.0,20.2,45.7
1605942976,11.0,0.0,11.0,0.0,20.2,45.7
1605942977,11.0,0.0,11.0,0.0,20.2,45.7
1605942978,11.0,0.0,11.0,0.0,20.2,45.7
1605942979,11.0,0.0,11.0,0.0,20.2,45.7
1605942980,11.0,0.0,11.0,0.0,20.2,45.7
1605942981,11.0,0.0,11.0,0.0,20.2,45.7
1605942982,11.0,0.0,11.0,0.0,20.2,45.7
1605942983,11.0,0.0,11.0,0.0,20.2,45.7
1605942984,11.0,0.0,11.0,0.0,20.2,45.7
1605942985,11.0,0.0,11.0,0.0,20.2,45.7
1605942986,11.0,0.0,11.0,0.0,20.2,45.7
1605942987,11.0,0.0,11.0,0.0,20.2,45.8
1605942988,11.0,0.0,11.0,0.0,20.2,45.8
1605942989,11.0,0.0,11.0,0.0,20.2,45.8
1605942990,11.0,0.0,10.0,0.0,20.2,45.8
1605942991,11.0,0.0,10.0,0.0,20.2,45.8
1605942992,11.0,0.0,10.0,0.0,20.2,45.8
1605942993,11.0,0.0,9.0,0.0,20.2,45.8
1605942994,11.0,0.0,9.0,0.0,20.2,45.8
1605942995,11.0,0.0,9.0,0.0,20.2,45.8
1605942996,11.0,0.0,9.0,0.0,20.2,45.8
1605942997,11.0,0.0,9.0,0.0,20.2,45.8
1605942998,11.0,0.0,10.0,0.0,20.2,45.8
1605942999,11.0,0.0,10.0,0.0,20.2,45.8
1605943000,11.0,0.0,10.0,0.0,20.2,45.8
1605943001,11.0,0.0,11.0,0.0,20.2,45.8
1605943002,11.0,0.0,11.0,0.0,20.2,45.8
1605943003,11.0,0.0,11.0,0.0,20.2,45.8
1605943004,11.0,0.0,12.0,0.0,20.2,45.8
1605943005,11.0,0.0,12.0,0.0,20.2,45.8
1605943006,11.0,0.0,12.0,0.0,20.2,45.8
1605943007,11.0,0.0,12.0,0.0,20.2,45.7
1605943008,11.0,0.0,12.0,0.0,20.2,45.7
1605943009,11.0,0.0,12.0,0.0,20.2,45.7
1605943010,11.0,0.0,12.0,0.0,20.2,45.7
1605943011,11.0,0.0,12.0,0.0,20.2,45.7
1605943012,12.0,0.0,12.0,0.0,20.2,45.7
1605943013,12.0,0.0,12.0,0.0,20.2,45.7
1605943014,12.0,0.0,12.0,0.0,20.2,45.7
1605943015,12.0,0.0,11.0,0.0,20.2,45.7
1605943016,12.0,0.0,11.0,0.0,20.2,45.7
1605943017,12.0,0.0,11.0,0.0,20.2,45.7
1605943018,12.0,0.0,11.0,0.0,20.2,45.7
1605943019,12.0,0.0,11.0,0.0,20.2,45.7
1605943020,12.0,0.0,11.0,0.0,20.2,45.7
1605943021,12.0,0.0,11.0,0.0,20.2,45.7
1605943022,12.0,0.0,11.0,0.0,20.2,45.7
1605943023,12.0,0.0,11.0,0.0,20.2,45.7
1605943024,13.0,0.0,11.0,0.0,20.2,45.7
1605943025,13.0,0.0,11.0,0.0,20.2,45.7
1605943026,13.0,0.0,11.0,0.0,20.2,45.7
1605943027,13.0,0.0,11.0,0.0,20.2,45.7
1605943028,13.0,0.0,11.0,0.0,20.2,45.7
1605943029,13.0,0.0,11.0,0.0,20.2,45.7
1605943030,14.0,0.0,11.0,0.0,20.2,45.7
1605943031,14.0,0.0,11.0,0.0,20.2,45.7
1605943032,14.0,0.0,11.0,0.0,20.2,45.7
1605943033,15.0,0.0,10.0,0.0,20.2,45.7
1605943034,15.0,0.0,10.0,0.0,20.2,45.7
1605943035,15.0,0.0,10.0,0.0,20.2,45.7
1605943036,15.0,0.0,10.0,0.0,20.2,45.7
1605943037,15.0,0.0,10.0,0.0,20.2,45.7
1605943038,15.0,0.0,10.0,0.0,20.2,45.7
1605943039,14.0,0.0,10.0,0.0,20.2,45.7
1605943040,14.0,0.0,10.0,0.0,20.2,45.7
1605943041,14.0,0.0,10.0,0.0,20.2,45.7
1605943042,14.0,0.0,10.0,0.0,20.2,45.4
1605943043,13.0,0.0,10.0,0.0,20.2,45.4
1605943044,13.0,0.0,10.0,0.0,20.2,45.4
1605943045,13.0,0.0,11.0,0.0,20.2,45.4
1605943046,12.0,0.0,11.0,0.0,20.2,45.4
1605943047,12.0,0.0,11.0,0.0,20.3,45.4
1605943048,12.0,0.0,11.0,0.0,20.3,45.4
1605943049,12.0,0.0,11.0,0.0,20.3,45.4
1605943050,12.0,0.0,11.0,0.0,20.3,45.4
1605943051,12.0,0.0,11.0,0.0,20.3,45.4
1605943052,13.0,0.0,11.0,0.0,20.3,45.4
1605943053,13.0,0.0,11.0,0.0,20.3,45.4
1605943054,13.0,0.0,11.0,0.0,20.3,45.4
1605943055,13.0,0.0,11.0,0.0,20.3,45.4
1605943056,13.0,0.0,11.0,0.0,20.3,45.4
1605943057,13.0,0.0,11.0,0.0,20.3,45.3
1605943058,13.0,0.0,11.0,0.0,20.3,45.3
1605943059,13.0,0.0,12.0,0.0,20.3,45.3
1605943060,13.0,0.0,12.0,0.0,20.3,45.3
1605943061,13.0,0.0,12.0,0.0,20.3,45.3
1605943062,13.0,0.0,12.0,0.0,20.3,45.3
1605943063,13.0,0.0,12.0,0.0,20.3,45.3
1605943064,13.0,0.0,12.0,0.0,20.3,45.3
1605943065,13.0,0.0,12.0,0.0,20.3,45.3
1605943066,13.0,0.0,12.0,0.0,20.3,45.3
1605943067,12.0,0.0,11.0,0.0,20.3,45.3
1605943068,12.0,0.0,11.0,0.0,20.3,45.3
1605943069,12.0,0.0,11.0,0.0,20.3,45.3
1605943070,12.0,0.0,11.0,0.0,20.3,45.3
1605943071,12.0,0.0,11.0,0.0,20.3,45.3
1605943072,12.0,0.0,10.0,0.0,20.2,45.2
1605943073,12.0,0.0,10.0,0.0,20.2,45.2
1605943074,12.0,0.0,10.0,0.0,20.2,45.2
1605943075,12.0,0.0,10.0,0.0,20.2,45.2
1605943076,12.0,0.0,10.0,0.0,20.2,45.2
1605943077,12.0,0.0,10.0,0.0,20.3,45.4
1605943078,12.0,0.0,10.0,0.0,20.3,45.4
1605943079,12.0,0.0,10.0,0.0,20.3,45.4
1605943080,13.0,0.0,10.0,0.0,20.3,45.4
1605943081,13.0,0.0,10.0,0.0,20.3,45.4
1605943082,13.0,0.0,10.0,0.0,20.3,45.4
1605943083,13.0,0.0,10.0,0.0,20.3,45.4
1605943084,14.0,0.0,11.0,0.0,20.3,45.4
1605943085,14.0,0.0,11.0,0.0,20.3,45.4
1605943086,14.0,0.0,10.0,0.0,20.3,45.4
1605943087,14.0,0.0,10.0,0.0,20.3,45.7
1605943088,14.0,0.0,10.0,0.0,20.3,45.7
1605943089,15.0,0.0,10.0,0.0,20.3,45.7
1605943090,15.0,0.0,9.0,0.0,20.3,45.7
1605943091,15.0,0.0,9.0,0.0,20.3,45.7
1605943092,16.0,0.0,9.0,0.0,20.3,45.8
1605943093,16.0,0.0,9.0,0.0,20.3,45.8
1605943094,16.0,0.0,9.0,0.0,20.3,45.8
1605943095,16.0,0.0,9.0,0.0,20.3,45.8
1605943096,16.0,0.0,9.0,0.0,20.3,45.8
1605943097,16.0,0.0,9.0,0.0,20.2,45.7
1605943098,16.0,0.0,9.0,0.0,20.2,45.7
1605943099,16.0,0.0,10.0,0.0,20.2,45.7
1605943100,15.0,0.0,10.0,0.0,20.2,45.7
1605943101,15.0,0.0,10.0,0.0,20.2,45.7
1605943102,15.0,0.0,11.0,0.0,20.3,45.7
1605943103,14.0,0.0,11.0,0.0,20.3,45.7
1605943104,14.0,0.0,12.0,0.0,20.3,45.7
1605943105,13.0,0.0,12.0,0.0,20.3,45.7
1605943106,13.0,0.0,12.0,0.0,20.3,45.7
1605943107,13.0,0.0,12.0,0.0,20.3,45.7
1605943108,12.0,0.0,12.0,0.0,20.3,45.7
1605943109,12.0,0.0,12.0,0.0,20.3,45.7
1605943110,12.0,0.0,12.0,0.0,20.3,45.7
1605943111,12.0,0.0,11.0,0.0,20.3,45.7
1605943112,12.0,0.0,11.0,0.0,20.3,45.8
1605943113,12.0,0.0,11.0,0.0,20.3,45.8
1605943114,12.0,0.0,10.0,0.0,20.3,45.8
1605943115,12.0,0.0,10.0,0.0,20.3,45.8
1605943116,12.0,0.0,10.0,0.0,20.3,45.8
1605943117,12.0,0.0,10.0,0.0,20.3,45.8
1605943118,12.0,0.0,10.0,0.0,20.3,45.8
1605943119,12.0,0.0,9.0,0.0,20.3,45.8
1605943120,12.0,0.0,9.0,0.0,20.3,45.8
1605943121,12.0,0.0,9.0,0.0,20.3,45.8
1605943122,12.0,0.0,9.0,0.0,20.3,45.8
1605943123,12.0,0.0,9.0,0.0,20.3,45.8
1605943124,12.0,0.0,9.0,0.0,20.3,45.8
1605943125,12.0,0.0,9.0,0.0,20.3,45.8
1605943126,12.0,0.0,9.0,0.0,20.3,45.8
1605943127,12.0,0.0,9.0,0.0,20.3,45.8
1605943128,12.0,0.0,9.0,0.0,20.3,45.8
1605943129,12.0,0.0,9.0,0.0,20.3,45.8
1605943130,12.0,0.0,9.0,0.0,20.3,45.8
1605943131,12.0,0.0,9.0,0.0,20.3,45.8
1605943132,12.0,0.0,9.0,0.0,20.3,45.9
1605943133,12.0,0.0,9.0,0.0,20.3,45.9
1605943134,12.0,0.0,9.0,0.0,20.3,45.9
1605943135,12.0,0.0,9.0,0.0,20.3,45.9
1605943136,12.0,0.0,10.0,0.0,20.3,45.9
1605943137,12.0,0.0,10.0,0.0,20.3,45.9
1605943138,11.0,0.0,10.0,0.0,20.3,45.9
1605943139,11.0,0.0,10.0,0.0,20.3,45.9
1605943140,11.0,0.0,10.0,0.0,20.3,45.9
1605943141,11.0,0.0,10.0,0.0,20.3,45.9
1605943142,10.0,0.0,11.0,0.0,20.3,45.9
1605943143,10.0,0.0,11.0,0.0,20.3,45.9
1605943144,10.0,0.0,11.0,0.0,20.3,45.9
1605943145,10.0,0.0,11.0,0.0,20.3,45.9
1605943146,10.0,0.0,11.0,0.0,20.3,45.9
1605943147,10.0,0.0,11.5,0.0,20.3,45.9
1605943148,10.0,0.0,12.0,0.0,20.3,45.9
1605943149,10.0,0.0,12.0,0.0,20.3,45.9
1605943150,10.0,0.0,12.0,0.0,20.3,45.9
1605943151,11.0,0.0,12.0,0.0,20.3,45.9
1605943152,11.0,0.0,12.0,0.0,20.3,45.9
1605943153,11.0,0.0,12.0,0.0,20.3,45.2
1605943154,12.0,0.0,12.0,0.0,20.3,45.2
1605943155,12.0,0.0,12.0,0.0,20.3,45.2
1605943156,12.0,0.0,11.0,0.0,20.3,45.2
1605943157,13.0,0.0,11.0,0.0,20.3,45.2
1605943158,13.0,0.0,11.0,0.0,20.3,45.1
1605943159,13.0,0.0,11.0,0.0,20.3,45.1
1605943160,13.0,0.0,10.0,0.0,20.3,45.1
1605943161,13.0,0.0,10.0,0.0,20.3,45.1
1605943162,13.0,0.0,10.0,0.0,20.3,45.1
1605943163,13.0,0.0,10.0,0.0,20.4,44.9
1605943164,13.0,0.0,9.0,0.0,20.4,44.9
1605943165,13.0,0.0,9.0,0.0,20.4,44.9
1605943166,12.0,0.0,9.0,0.0,20.4,44.9
1605943167,12.0,0.0,9.0,0.0,20.4,44.9
1605943168,12.0,0.0,9.0,0.0,20.4,44.8
1605943169,12.0,0.0,9.0,0.0,20.4,44.8
1605943170,12.0,0.0,9.0,0.0,20.4,44.8
1605943171,12.0,0.0,9.0,0.0,20.4,44.8
1605943172,12.0,0.0,9.0,0.0,20.4,44.8
1605943173,12.0,0.0,9.0,0.0,20.4,44.8
1605943174,12.0,0.0,9.0,0.0,20.4,44.8
1605943175,12.0,0.0,9.0,0.0,20.4,44.8
1605943176,12.0,0.0,9.0,0.0,20.4,44.8
1605943177,12.0,0.0,9.0,0.0,20.4,44.8
1605943178,12.0,0.0,9.0,0.0,20.4,44.8
1605943179,12.0,0.0,9.0,0.0,20.4,44.8
1605943180,12.0,0.0,9.0,0.0,20.4,44.8
1605943181,12.0,0.0,9.0,0.0,20.4,44.8
1605943182,12.0,0.0,9.0,0.0,20.4,44.8
1605943183,12.0,0.0,9.0,0.0,20.4,44.9
1605943184,12.0,0.0,9.0,0.0,20.4,44.9
1605943185,12.0,0.0,10.0,0.0,20.4,44.9
1605943186,12.0,0.0,10.0,0.0,20.4,44.9
1605943187,12.0,0.0,10.0,0.0,20.4,44.9
1605943188,12.0,0.0,10.0,0.0,20.4,44.9
1605943189,12.0,0.0,10.0,0.0,20.4,44.9
1605943190,12.0,0.0,10.0,0.0,20.4,44.9
1605943191,12.0,0.0,10.0,0.0,20.4,44.9
1605943192,12.0,0.0,10.0,0.0,20.4,44.9
1605943193,12.0,0.0,10.0,0.0,20.4,44.9
1605943194,12.0,0.0,10.0,0.0,20.4,44.9
1605943195,12.0,0.0,9.0,0.0,20.4,44.9
1605943196,13.0,0.0,9.0,0.0,20.4,44.9
1605943197,13.0,0.0,9.0,0.0,20.4,44.9
1605943198,13.0,0.0,9.0,0.0,20.4,44.9
1605943199,13.0,0.0,9.0,0.0,20.4,44.9
1605943200,13.0,0.0,9.0,0.0,20.4,44.9
1605943201,14.0,0.0,9.0,0.0,20.4,44.9
1605943202,14.0,0.0,9.0,0.0,20.4,44.9
1605943203,14.0,0.0,9.0,0.0,20.4,44.9
1605943204,13.0,0.0,10.0,0.0,20.4,44.9
1605943205,12.833333333333334,0.0,10.0,0.0,20.4,44.9
1605943206,12.666666666666666,0.0,10.0,0.0,20.4,44.9
1605943207,12.5,0.0,10.0,0.0,20.4,44.9
1605943208,12.333333333333334,0.0,10.0,0.0,20.4,44.9
1605943209,12.166666666666666,0.0,10.0,0.0,20.4,44.9
1605943210,12.0,0.0,10.0,0.0,20.4,44.9
1605943211,11.833333333333334,0.0,10.0,0.0,20.4,44.9
1605943212,11.666666666666666,0.0,10.0,0.0,20.4,44.9
1605943213,11.5,0.0,10.0,0.0,20.4,44.9
1605943214,11.333333333333334,0.0,10.0,0.0,20.4,44.9
1605943215,11.166666666666666,0.0,10.0,0.0,20.4,44.9
1605943216,11.0,0.0,10.0,0.0,20.4,44.9
1605943217,11.0,0.0,10.0,0.0,20.4,44.9
1605943218,11.0,0.0,10.0,0.0,20.4,44.9
1605943219,12.0,0.0,10.0,0.0,20.4,44.8
1605943220,12.0,0.0,10.0,0.0,20.4,44.8
1605943221,12.0,0.0,10.0,0.0,20.4,44.8
1605943222,12.0,0.0,11.0,0.0,20.4,44.8
1605943223,12.0,0.0,11.0,0.0,20.4,44.8
1605943224,12.0,0.0,11.0,0.0,20.4,44.8
1605943225,12.0,0.0,12.0,0.0,20.4,44.8
1605943226,13.0,0.0,12.0,0.0,20.4,44.8
1605943227,13.0,0.0,10.0,0.0,20.4,44.8
1605943228,13.0,0.0,10.0,0.0,20.4,44.8
1605943229,13.0,0.0,10.0,0.0,20.4,44.7
1605943230,14.0,0.0,10.0,0.0,20.4,44.7
1605943231,14.0,0.0,11.0,0.0,20.4,44.7
1605943232,14.0,0.0,11.0,0.0,20.4,44.7
1605943233,14.0,0.0,11.0,0.0,20.4,44.7
1605943234,14.0,0.0,11.0,0.0,20.4,44.7
1605943235,13.0,0.0,11.0,0.0,20.4,44.7
1605943236,13.0,0.0,11.0,0.0,20.4,44.7
1605943237,13.0,0.0,12.0,0.0,20.4,44.7
1605943238,13.0,0.0,12.0,0.0,20.4,44.7
1605943239,12.0,0.0,12.0,0.0,20.4,44.7
1605943240,12.0,0.0,12.0,0.0,20.4,44.7
1605943241,12.0,0.0,12.0,0.0,20.4,44.7
1605943242,12.0,0.0,11.0,0.0,20.4,44.7
1605943243,11.0,0.0,11.0,0.0,20.4,44.7
1605943244,11.0,0.0,11.0,0.0,20.4,44.7
1605943245,11.0,0.0,11.0,0.0,20.4,44.7
1605943246,11.0,0.0,11.0,0.0,20.4,44.7
1605943247,11.0,0.0,11.0,0.0,20.4,44.7
1605943248,11.0,0.0,11.0,0.0,20.4,44.7
1605943249,11.0,0.0,11.0,0.0,20.4,44.7
1605943250,11.0,0.0,11.0,0.0,20.4,44.7
1605943251,11.0,0.0,11.0,0.0,20.4,44.7
1605943252,11.0,0.0,11.0,0.0,20.4,44.7
1605943253,12.0,0.0,11.0,0.0,20.4,44.7
1605943254,12.0,0.0,11.0,0.0,20.4,44.7
1605943255,12.0,0.0,11.0,0.0,20.4,44.7
1605943256,12.0,0.0,11.0,0.0,20.4,44.7
1605943257,12.0,0.0,11.0,0.0,20.4,44.7
1605943258,12.0,0.0,11.0,0.0,20.4,44.7
1605943259,12.0,0.0,11.0,0.0,20.4,44.7
1605943260,12.0,0.0,11.0,0.0,20.4,44.7
1605943261,12.0,0.0,10.0,0.0,20.4,44.7
1605943262,12.0,0.0,10.0,0.0,20.4,44.7
1605943263,12.0,0.0,10.0,0.0,20.4,44.7
1605943264,13.0,0.0,10.0,0.0,20.4,44.7
1605943265,13.0,0.0,10.0,0.0,20.4,44.7
1605943266,13.0,0.0,10.0,0.0,20.4,44.7
1605943267,13.0,0.0,10.0,0.0,20.4,44.7
1605943268,13.0,0.0,10.0,0.0,20.4,44.7
1605943269,12.0,0.0,9.0,0.0,20.5,45.0
1605943270,12.0,0.0,9.0,0.0,20.5,45.0
1605943271,12.0,0.0,9.0,0.0,20.5,45.0
1605943272,12.0,0.0,9.0,0.0,20.5,45.0
1605943273,12.0,0.0,9.0,0.0,20.5,45.0
1605943274,12.0,0.0,9.0,0.0,20.4,45.0
1605943275,12.0,0.0,8.0,0.0,20.4,45.0
1605943276,12.0,0.0,8.0,0.0,20.4,45.0
1605943277,12.0,0.0,8.0,0.0,20.4,45.0
1605943278,12.0,0.0,9.0,0.0,20.4,45.0
1605943279,12.0,0.0,9.0,0.0,20.4,45.1
1605943280,12.0,0.0,9.0,0.0,20.4,45.1
1605943281,12.0,0.0,9.0,0.0,20.4,45.1
1605943282,12.0,0.0,9.0,0.0,20.4,45.1
1605943283,12.0,0.0,9.0,0.0,20.4,45.1
1605943284,12.0,0.0,10.0,0.0,20.4,45.1
1605943285,12.0,0.0,10.0,0.0,20.4,45.1
1605943286,12.0,0.0,10.0,0.0,20.4,45.1
1605943287,12.0,0.0,11.0,0.0,20.4,45.1
1605943288,12.0,0.0,11.0,0.0,20.4,45.1
1605943289,12.0,0.0,11.0,0.0,20.4,45.2
1605943290,12.0,0.0,11.0,0.0,20.4,45.2
1605943291,11.0,0.0,11.0,0.0,20.4,45.2
1605943292,11.0,0.0,11.0,0.0,20.4,45.2
1605943293,11.0,0.0,11.0,0.0,20.4,45.2
1605943294,11.0,0.0,12.0,0.0,20.4,45.5
1605943295,11.0,0.0,12.0,0.0,20.4,45.5
1605943296,11.0,0.0,12.0,0.0,20.4,45.5
1605943297,12.0,0.0,12.0,0.0,20.4,45.5
1605943298,12.0,0.0,12.0,0.0,20.4,45.5
1605943299,12.0,0.0,12.0,0.0,20.5,45.6
1605943300,12.0,0.0,13.0,0.0,20.5,45.6
1605943301,12.0,0.0,13.0,0.0,20.5,45.6
1605943302,12.0,0.0,13.0,0.0,20.5,45.6
1605943303,12.0,0.0,13.0,0.0,20.5,45.6
1605943304,12.0,0.0,13.0,0.0,20.5,45.6
1605943305,12.0,0.0,13.0,0.0,20.5,45.6
1605943306,12.0,0.0,13.0,0.0,20.5,45.6
1605943307,12.0,0.0,13.0,0.0,20.5,45.6
1605943308,12.0,0.0,13.0,0.0,20.5,45.6
1605943309,12.0,0.0,13.0,0.0,20.5,45.5
1605943310,12.0,0.0,13.0,0.0,20.5,45.5
1605943311,12.0,0.0,13.0,0.0,20.5,45.5
1605943312,12.0,0.0,13.0,0.0,20.5,45.5
1605943313,12.0,0.0,13.0,0.0,20.5,45.5
1605943314,13.0,0.0,13.0,0.0,20.5,45.4
1605943315,13.0,0.0,13.0,0.0,20.5,45.4
1605943316,13.0,0.0,13.0,0.0,20.5,45.4
1605943317,13.0,0.0,12.0,0.0,20.5,45.4
1605943318,13.0,0.0,12.0,0.0,20.5,45.4
1605943319,13.0,0.0,12.0,0.0,20.5,45.4
1605943320,13.0,0.0,11.0,0.0,20.5,45.4
1605943321,13.0,0.0,11.0,0.0,20.5,45.4
1605943322,13.0,0.0,11.0,0.0,20.5,45.4
1605943323,13.0,0.0,10.0,0.0,20.5,45.4
1605943324,13.0,0.0,10.0,0.0,20.5,45.3
1605943325,12.0,0.0,10.0,0.0,20.5,45.3
1605943326,12.0,0.0,10.0,0.0,20.5,45.3
1605943327,12.0,0.0,10.0,0.0,20.5,45.3
1605943328,12.0,0.0,10.0,0.0,20.5,45.3
1605943329,11.0,0.0,10.0,0.0,20.5,45.3
1605943330,11.0,0.0,10.0,0.0,20.5,45.3
1605943331,11.0,0.0,11.0,0.0,20.5,45.3
1605943332,11.0,0.0,11.0,0.0,20.5,45.3
1605943333,11.0,0.0,11.0,0.0,20.5,45.3
1605943334,11.0,0.0,11.0,0.0,20.5,45.4
1605943335,11.0,0.0,11.0,0.0,20.5,45.4
1605943336,11.0,0.0,12.0,0.0,20.5,45.4
1605943337,11.0,0.0,12.0,0.0,20.5,45.4
1605943338,11.0,0.0,10.0,0.0,20.5,45.4
1605943339,11.0,0.0,9.0,0.0,20.5,45.4
1605943340,12.0,0.0,9.0,0.0,20.5,45.4
1605943341,11.0,0.0,9.0,0.0,20.5,45.4
1605943342,11.0,0.0,9.0,0.0,20.5,45.4
1605943343,12.0,0.0,9.0,0.0,20.5,45.4
1605943344,12.0,0.0,9.0,0.0,20.5,45.0
1605943345,12.0,0.0,9.0,0.0,20.5,45.0
1605943346,12.0,0.0,9.0,0.0,20.5,45.0
1605943347,12.0,0.0,9.0,0.0,20.5,45.0
1605943348,12.0,0.0,10.0,0.0,20.5,45.0
1605943349,12.0,0.0,10.0,0.0,20.5,44.8
1605943350,12.0,0.0,10.0,0.0,20.5,44.8
1605943351,12.0,0.0,10.0,0.0,20.5,44.8
1605943352,12.0,0.0,10.0,0.0,20.5,44.8
1605943353,12.0,0.0,10.0,0.0,20.5,44.8
1605943354,12.0,0.0,10.0,0.0,20.5,44.7
1605943355,12.0,0.0,10.0,0.0,20.5,44.7
1605943356,13.0,0.0,10.0,0.0,20.5,44.7
1605943357,13.0,0.0,10.0,0.0,20.5,44.7
1605943358,13.0,0.0,10.0,0.0,20.5,44.7
1605943359,13.0,0.0,10.0,0.0,20.5,44.6
1605943360,13.0,0.0,10.0,0.0,20.5,44.6
1605943361,13.0,0.0,10.0,0.0,20.5,44.6
1605943362,13.0,0.0,9.0,0.0,20.5,44.6
1605943363,13.0,0.0,9.0,0.0,20.5,44.6
1605943364,13.0,0.0,9.0,0.0,20.5,44.5
1605943365,13.0,0.0,9.0,0.0,20.5,44.5
1605943366,13.0,0.0,9.0,0.0,20.5,44.5
1605943367,13.0,0.0,9.0,0.0,20.5,44.5
1605943368,13.0,0.0,9.0,0.0,20.5,44.5
1605943369,13.0,0.0,9.0,0.0,20.5,44.5
1605943370,13.0,0.0,9.0,0.0,20.5,44.5
1605943371,13.0,0.0,10.0,0.0,20.5,44.5
1605943372,13.0,0.0,10.0,0.0,20.5,44.5
1605943373,13.0,0.0,10.0,0.0,20.5,44.5
1605943374,12.0,0.0,10.0,0.0,20.5,44.6
1605943375,12.0,0.0,11.0,0.0,20.5,44.6
1605943376,12.0,0.0,11.0,0.0,20.5,44.6
1605943377,12.0,0.0,11.0,0.0,20.5,44.6
1605943378,12.0,0.0,11.0,0.0,20.5,44.6
1605943379,12.0,0.0,11.0,0.0,20.5,44.6
1605943380,12.0,0.0,11.0,0.0,20.5,44.6
1605943381,12.0,0.0,11.0,0.0,20.5,44.6
1605943382,12.0,0.0,11.0,0.0,20.5,44.6
1605943383,12.0,0.0,11.0,0.0,20.5,44.6
1605943384,12.0,0.0,11.0,0.0,20.5,44.3
1605943385,12.0,0.0,11.0,0.0,20.5,44.3
1605943386,12.0,0.0,11.0,0.0,20.5,44.3
1605943387,12.0,0.0,11.0,0.0,20.5,44.3
1605943388,12.0,0.0,10.0,0.0,20.5,44.3
1605943389,12.0,0.0,10.0,0.0,20.5,44.3
1605943390,12.0,0.0,10.0,0.0,20.5,44.3
1605943391,12.0,0.0,10.0,0.0,20.5,44.3
1605943392,11.0,0.0,10.0,0.0,20.5,44.3
1605943393,11.0,0.0,10.0,0.0,20.5,44.3
1605943394,11.0,0.0,10.0,0.0,20.5,44.4
1605943395,11.0,0.0,10.0,0.0,20.5,44.4
1605943396,11.0,0.0,10.0,0.0,20.5,44.4
1605943397,12.0,0.0,10.0,0.0,20.5,44.4
1605943398,12.0,0.0,9.0,0.0,20.5,44.4
1605943399,12.0,0.0,9.0,0.0,20.5,44.5
1605943400,12.0,0.0,9.0,0.0,20.5,44.5
1605943401,12.0,0.0,9.0,0.0,20.5,44.5
1605943402,12.0,0.0,9.0,0.0,20.5,44.5
1605943403,12.0,0.0,9.0,0.0,20.5,44.5
1605943404,12.0,0.0,9.0,0.0,20.5,44.7
1605943405,12.0,0.0,9.0,0.0,20.5,44.7
1605943406,11.0,0.0,9.0,0.0,20.5,44.7
1605943407,11.0,0.0,9.0,0.0,20.5,44.7
1605943408,11.0,0.0,9.0,0.0,20.5,44.7
1605943409,11.0,0.0,9.0,0.0,20.5,44.6
1605943410,11.0,0.0,9.0,0.0,20.5,44.6
1605943411,11.0,0.0,9.0,0.0,20.5,44.6
1605943412,11.0,0.0,9.0,0.0,20.5,44.6
1605943413,12.0,0.0,10.0,0.0,20.5,44.6
1605943414,12.0,0.0,10.0,0.0,20.5,44.7
1605943415,12.0,0.0,10.0,0.0,20.5,44.7
1605943416,12.0,0.0,10.0,0.0,20.5,44.7
1605943417,13.0,0.0,10.0,0.0,20.5,44.7
1605943418,13.0,0.0,10.0,0.0,20.5,44.7
1605943419,13.0,0.0,10.0,0.0,20.6,44.6
1605943420,13.0,0.0,10.0,0.0,20.6,44.6
1605943421,13.0,0.0,10.0,0.0,20.6,44.6
1605943422,13.0,0.0,11.0,0.0,20.6,44.6
1605943423,13.0,0.0,11.0,0.0,20.6,44.6
1605943424,13.0,0.0,11.0,0.0,20.5,44.5
1605943425,13.0,0.0,11.0,0.0,20.5,44.5
1605943426,13.0,0.0,11.0,0.0,20.5,44.5
1605943427,12.0,0.0,11.0,0.0,20.5,44.5
1605943428,12.0,0.0,11.0,0.0,20.5,44.5
1605943429,12.0,0.0,11.0,0.0,20.5,44.4
1605943430,12.0,0.0,11.0,0.0,20.5,44.4
1605943431,12.0,0.0,11.0,0.0,20.5,44.4
1605943432,12.0,0.0,11.0,0.0,20.5,44.4
1605943433,12.0,0.0,11.0,0.0,20.5,44.4
1605943434,12.0,0.0,11.0,0.0,20.5,44.5
1605943435,12.0,0.0,11.0,0.0,20.5,44.5
1605943436,12.0,0.0,11.0,0.0,20.5,44.5
1605943437,12.0,0.0,11.0,0.0,20.5,44.5
1605943438,12.0,0.0,10.0,0.0,20.5,44.5
1605943439,12.0,0.0,10.0,0.0,20.5,44.5
1605943440,12.0,0.0,10.0,0.0,20.5,44.5
1605943441,12.0,0.0,10.0,0.0,20.5,44.5
1605943442,12.0,0.0,10.0,0.0,20.5,44.5
1605943443,12.0,0.0,10.0,0.0,20.5,44.5
1605943444,12.0,0.0,10.0,0.0,20.5,44.5
1605943445,12.0,0.0,10.0,0.0,20.5,44.5
1605943446,12.0,0.0,10.0,0.0,20.5,44.5
1605943447,12.0,0.0,10.0,0.0,20.5,44.5
1605943448,12.0,0.0,10.0,0.0,20.5,44.5
1605943449,12.0,0.0,10.0,0.0,20.5,44.6
1605943450,12.0,0.0,10.0,0.0,20.5,44.6
1605943451,12.0,0.0,10.0,0.0,20.5,44.6
1605943452,12.0,0.0,10.0,0.0,20.5,44.6
1605943453,12.0,0.0,10.0,0.0,20.5,44.6
1605943454,12.0,0.0,10.0,0.0,20.5,44.6
1605943455,12.0,0.0,11.0,0.0,20.5,44.6
1605943456,12.0,0.0,11.0,0.0,20.5,44.6
1605943457,12.0,0.0,11.0,0.0,20.5,44.6
1605943458,12.0,0.0,11.0,0.0,20.5,44.6
1605943459,12.0,0.0,11.0,0.0,20.5,44.6
1605943460,12.0,0.0,11.0,0.0,20.5,44.6
1605943461,12.0,0.0,11.0,0.0,20.5,44.6
1605943462,12.0,0.0,11.0,0.0,20.5,44.6
1605943463,12.0,0.0,11.0,0.0,20.5,44.6
1605943464,12.0,0.0,11.0,0.0,20.5,44.6
1605943465,12.0,0.0,11.0,0.0,20.5,44.6
1605943466,11.0,0.0,11.0,0.0,20.5,44.6
1605943467,11.0,0.0,11.0,0.0,20.5,44.7
1605943468,11.0,0.0,11.0,0.0,20.5,44.7
1605943469,11.0,0.0,11.0,0.0,20.5,44.7
1605943470,11.0,0.0,11.0,0.0,20.5,44.7
1605943471,11.0,0.0,11.0,0.0,20.5,44.7
1605943472,11.0,0.0,11.0,0.0,20.5,44.7
1605943473,12.0,0.0,11.0,0.0,20.5,44.7
1605943474,12.0,0.0,11.0,0.0,20.5,44.7
1605943475,12.0,0.0,11.0,0.0,20.5,44.7
1605943476,12.0,0.0,11.0,0.0,20.5,44.7
1605943477,12.0,0.0,11.0,0.0,20.5,45.0
1605943478,12.0,0.0,11.0,0.0,20.5,45.0
1605943479,12.0,0.0,11.0,0.0,20.5,45.0
1605943480,12.0,0.0,11.0,0.0,20.5,45.0
1605943481,12.0,0.0,12.0,0.0,20.5,45.0
1605943482,12.0,0.0,12.0,0.0,20.5,45.0
1605943483,12.0,0.0,12.0,0.0,20.5,45.0
1605943484,12.0,0.0,13.0,0.0,20.5,45.0
1605943485,12.0,0.0,13.0,0.0,20.5,45.0
1605943486,12.0,0.0,13.0,0.0,20.5,45.0
1605943487,12.0,0.0,13.0,0.0,20.5,44.9
1605943488,12.0,0.0,13.0,0.0,20.5,44.9
1605943489,12.0,0.0,13.0,0.0,20.5,44.9
1605943490,12.0,0.0,13.0,0.0,20.5,44.9
1605943491,11.0,0.0,13.0,0.0,20.5,44.9
1605943492,11.0,0.0,13.0,0.0,20.6,45.0
1605943493,11.0,0.0,12.0,0.0,20.6,45.0
1605943494,11.0,0.0,12.0,0.0,20.6,45.0
1605943495,11.0,0.0,12.0,0.0,20.6,45.0
1605943496,11.0,0.0,12.0,0.0,20.6,45.0
1605943497,11.0,0.0,11.0,0.0,20.5,45.0
1605943498,11.0,0.0,11.0,0.0,20.5,45.0
1605943499,11.0,0.0,11.0,0.0,20.5,45.0
1605943500,11.0,0.0,11.0,0.0,20.5,45.0
1605943501,11.0,0.0,11.0,0.0,20.5,45.0
1605943502,10.0,0.0,11.0,0.0,20.6,45.1
1605943503,10.0,0.0,11.0,0.0,20.6,45.1
1605943504,10.0,0.0,11.0,0.0,20.6,45.1
1605943505,11.0,0.0,11.0,0.0,20.6,45.1
1605943506,11.0,0.0,12.0,0.0,20.6,45.1
1605943507,11.0,0.0,12.0,0.0,20.6,45.1
1605943508,11.0,0.0,11.0,0.0,20.6,45.1
1605943509,11.0,0.0,11.0,0.0,20.6,45.1
1605943510,11.0,0.0,11.0,0.0,20.6,45.1
1605943511,12.0,0.0,11.0,0.0,20.6,45.1
1605943512,12.0,0.0,11.0,0.0,20.5,45.0
1605943513,12.0,0.0,11.0,0.0,20.5,45.0
1605943514,12.0,0.0,11.0,0.0,20.5,45.0
1605943515,12.0,0.0,11.0,0.0,20.5,45.0
1605943516,13.0,0.0,11.0,0.0,20.5,45.0
1605943517,13.0,0.0,11.0,0.0,20.6,45.1
1605943518,13.0,0.0,11.0,0.0,20.6,45.1
1605943519,13.0,0.0,11.0,0.0,20.6,45.1
1605943520,13.0,0.0,11.0,0.0,20.6,45.1
1605943521,13.0,0.0,11.0,0.0,20.6,45.1
1605943522,12.0,0.0,11.0,0.0,20.6,45.1
1605943523,12.0,0.0,11.0,0.0,20.6,45.1
1605943524,12.0,0.0,11.0,0.0,20.6,45.1
1605943525,11.0,0.0,11.0,0.0,20.6,45.1
1605943526,11.0,0.0,11.0,0.0,20.6,45.1
1605943527,11.0,0.0,12.0,0.0,20.6,45.1
1605943528,11.0,0.0,12.0,0.0,20.6,45.1
1605943529,11.0,0.0,12.0,0.0,20.6,45.1
1605943530,10.0,0.0,12.0,0.0,20.6,45.1
1605943531,10.0,0.0,12.0,0.0,20.6,45.1
1605943532,10.0,0.0,12.0,0.0,20.5,45.1
1605943533,10.0,0.0,11.0,0.0,20.5,45.1
1605943534,11.0,0.0,11.0,0.0,20.5,45.1
1605943535,11.0,0.0,11.0,0.0,20.5,45.1
1605943536,11.0,0.0,11.0,0.0,20.5,45.1
1605943537,11.0,0.0,11.0,0.0,20.6,45.3
1605943538,11.0,0.0,10.0,0.0,20.6,45.3
1605943539,11.0,0.0,10.0,0.0,20.6,45.3
1605943540,11.0,0.0,10.0,0.0,20.6,45.3
1605943541,11.0,0.0,10.0,0.0,20.6,45.3
1605943542,12.0,0.0,10.0,0.0,20.6,45.3
1605943543,12.0,0.0,10.0,0.0,20.6,45.3
1605943544,12.0,0.0,10.0,0.0,20.6,45.3
1605943545,12.0,0.0,10.0,0.0,20.6,45.3
1605943546,12.0,0.0,10.0,0.0,20.6,45.3
1605943547,13.0,0.0,10.0,0.0,20.6,45.4
1605943548,13.0,0.0,10.0,0.0,20.6,45.4
1605943549,13.0,0.0,10.0,0.0,20.6,45.4
1605943550,13.0,0.0,10.0,0.0,20.6,45.4
1605943551,13.0,0.0,10.0,0.0,20.6,45.4
1605943552,13.0,0.0,10.0,0.0,20.6,45.5
1605943553,13.0,0.0,10.0,0.0,20.6,45.5
1605943554,13.0,0.0,10.0,0.0,20.6,45.5
1605943555,13.0,0.0,10.0,0.0,20.6,45.5
1605943556,12.0,0.0,10.0,0.0,20.6,45.5
1605943557,12.0,0.0,10.0,0.0,20.6,45.5
1605943558,12.0,0.0,10.0,0.0,20.6,45.5
1605943559,12.0,0.0,10.0,0.0,20.6,45.5
1605943560,12.0,0.0,10.0,0.0,20.6,45.5
1605943561,12.0,0.0,10.0,0.0,20.6,45.5
1605943562,12.0,0.0,10.0,0.0,20.6,45.5
1605943563,12.0,0.0,10.0,0.0,20.6,45.5
1605943564,12.0,0.0,10.0,0.0,20.6,45.5
1605943565,12.0,0.0,10.0,0.0,20.6,45.5
1605943566,12.0,0.0,10.0,0.0,20.6,45.5
1605943567,12.0,0.0,10.0,0.0,20.6,45.6
1605943568,12.0,0.0,10.0,0.0,20.6,45.6
1605943569,12.0,0.0,10.0,0.0,20.6,45.6
1605943570,11.0,0.0,10.0,0.0,20.6,45.6
1605943571,11.0,0.0,10.0,0.0,20.6,45.6
1605943572,11.0,0.0,11.0,0.0,20.6,45.7
1605943573,11.0,0.0,11.0,0.0,20.6,45.7
1605943574,11.0,0.0,11.0,0.0,20.6,45.7
1605943575,11.0,0.0,10.0,0.0,20.6,45.7
1605943576,11.0,0.0,10.0,0.0,20.6,45.7
1605943577,11.0,0.0,10.0,0.0,20.6,45.8
1605943578,11.0,0.0,10.0,0.0,20.6,45.8
1605943579,11.0,0.0,10.0,0.0,20.6,45.8
1605943580,11.0,0.0,10.0,0.0,20.6,45.8
1605943581,11.0,0.0,10.0,0.0,20.6,45.8
1605943582,12.0,0.0,10.0,0.0,20.6,45.9
1605943583,12.0,0.0,10.0,0.0,20.6,45.9
1605943584,11.0,0.0,11.0,0.0,20.6,45.9
1605943585,11.0,0.0,11.0,0.0,20.6,45.9
1605943586,11.0,0.0,11.0,0.0,20.6,45.9
1605943587,11.0,0.0,12.0,0.0,20.6,45.8
1605943588,11.0,0.0,12.0,0.0,20.6,45.8
1605943589,11.0,0.0,12.0,0.0,20.6,45.8
1605943590,11.0,0.0,12.0,0.0,20.6,45.8
1605943591,10.0,0.0,12.0,0.0,20.6,45.8
1605943592,10.0,0.0,12.0,0.0,20.6,45.7
1605943593,10.0,0.0,12.0,0.0,20.6,45.7
1605943594,10.0,0.0,12.0,0.0,20.6,45.7
1605943595,10.0,0.0,11.0,0.0,20.6,45.7
1605943596,10.0,0.0,11.0,0.0,20.6,45.7
1605943597,10.0,0.0,10.0,0.0,20.6,45.3
1605943598,10.0,0.0,10.0,0.0,20.6,45.3
1605943599,10.0,0.0,10.0,0.0,20.6,45.3
1605943600,10.0,0.0,10.0,0.0,20.6,45.3
1605943601,11.0,0.0,10.0,0.0,20.6,45.3
1605943602,10.0,0.0,9.0,0.0,20.6,45.2
1605943603,10.0,0.0,9.0,0.0,20.6,45.2
1605943604,10.0,0.0,9.0,0.0,20.6,45.2
1605943605,10.0,0.0,10.0,0.0,20.6,45.2
1605943606,10.0,0.0,10.0,0.0,20.6,45.2
1605943607,10.0,0.0,10.0,0.0,20.6,45.1
1605943608,10.0,0.0,11.0,0.0,20.6,45.1
1605943609,10.0,0.0,11.0,0.0,20.6,45.1
1605943610,10.0,0.0,11.0,0.0,20.6,45.1
1605943611,10.0,0.0,11.0,0.0,20.6,45.1
1605943612,10.0,0.0,11.0,0.0,20.6,45.0
1605943613,10.0,0.0,11.0,0.0,20.6,45.0
1605943614,11.0,0.0,11.0,0.0,20.6,45.0
1605943615,11.0,0.0,12.0,0.0,20.6,45.0
1605943616,11.0,0.0,12.0,0.0,20.6,45.0
1605943617,11.0,0.0,12.0,0.0,20.6,45.0
1605943618,11.0,0.0,12.0,0.0,20.6,45.0
1605943619,11.0,0.0,11.0,0.0,20.6,45.0
1605943620,11.0,0.0,11.0,0.0,20.6,45.0
1605943621,11.0,0.0,11.0,0.0,20.6,45.0
1605943622,11.0,0.0,11.0,0.0,20.6,44.6
1605943623,11.0,0.0,11.0,0.0,20.6,44.6
1605943624,11.0,0.0,11.0,0.0,20.6,44.6
1605943625,11.0,0.0,11.0,0.0,20.6,44.6
1605943626,11.0,0.0,11.0,0.0,20.6,44.6
1605943627,11.0,0.0,11.0,0.0,20.6,44.6
1605943628,11.0,0.0,11.0,0.0,20.6,44.6
1605943629,11.0,0.0,11.0,0.0,20.6,44.6
1605943630,11.0,0.0,11.0,0.0,20.6,44.6
1605943631,11.0,0.0,11.0,0.0,20.6,44.6
1605943632,11.0,0.0,11.0,0.0,20.6,44.5
1605943633,11.0,0.0,11.0,0.0,20.6,44.5
1605943634,11.0,0.0,11.0,0.0,20.6,44.5
1605943635,11.0,0.0,11.0,0.0,20.6,44.5
1605943636,11.0,0.0,11.0,0.0,20.6,44.5
1605943637,11.0,0.0,11.0,0.0,20.6,44.3
1605943638,11.0,0.0,11.0,0.0,20.6,44.3
1605943639,12.0,0.0,11.0,0.0,20.6,44.3
1605943640,12.0,0.0,11.0,0.0,20.6,44.3
1605943641,12.0,0.0,11.0,0.0,20.6,44.3
1605943642,12.0,0.0,11.0,0.0,20.6,44.2
1605943643,13.0,0.0,11.0,0.0,20.6,44.2
1605943644,13.0,0.0,11.0,0.0,20.6,44.2
1605943645,13.0,0.0,11.0,0.0,20.6,44.2
1605943646,12.0,0.0,10.0,0.0,20.6,44.2
1605943647,12.0,0.0,10.0,0.0,20.6,43.8
1605943648,12.0,0.0,10.0,0.0,20.6,43.8
1605943649,12.0,0.0,10.0,0.0,20.6,43.8
1605943650,12.0,0.0,10.0,0.0,20.6,43.8
1605943651,11.0,0.0,10.0,0.0,20.6,43.8
1605943652,11.0,0.0,10.0,0.0,20.6,43.8
1605943653,11.0,0.0,10.0,0.0,20.6,43.8
1605943654,11.0,0.0,10.0,0.0,20.6,43.8
1605943655,11.0,0.0,10.0,0.0,20.6,43.8
1605943656,11.0,0.0,10.0,0.0,20.6,43.8
1605943657,11.0,0.0,10.0,0.0,20.6,43.7
1605943658,11.0,0.0,10.0,0.0,20.6,43.7
1605943659,11.0,0.0,11.0,0.0,20.6,43.7
1605943660,11.0,0.0,11.0,0.0,20.6,43.7
1605943661,11.0,0.0,11.0,0.0,20.6,43.7
1605943662,11.0,0.0,11.0,0.0,20.6,43.6
1605943663,11.0,0.0,11.0,0.0,20.6,43.6
1605943664,11.0,0.0,11.0,0.0,20.6,43.6
1605943665,11.0,0.0,11.0,0.0,20.6,43.6
1605943666,11.0,0.0,11.0,0.0,20.6,43.6
1605943667,11.0,0.0,12.0,0.0,20.6,43.6
1605943668,11.0,0.0,11.0,0.0,20.6,43.6
1605943669,10.0,0.0,11.0,0.0,20.6,43.6
1605943670,10.0,0.0,11.0,0.0,20.6,43.6
1605943671,10.0,0.0,11.0,0.0,20.6,43.6
1605943672,10.0,0.0,11.0,0.0,20.6,43.6
1605943673,10.0,0.0,10.0,0.0,20.6,43.6
1605943674,10.0,0.0,10.0,0.0,20.6,43.6
1605943675,10.0,0.0,10.0,0.0,20.6,43.6
1605943676,10.0,0.0,10.0,0.0,20.6,43.6
1605943677,11.0,0.0,10.0,0.0,20.6,43.7
1605943678,11.0,0.0,10.0,0.0,20.6,43.7
1605943679,11.0,0.0,10.0,0.0,20.6,43.7
1605943680,11.0,0.0,10.0,0.0,20.6,43.7
1605943681,11.0,0.0,11.0,0.0,20.6,43.7
1605943682,11.0,0.0,11.0,0.0,20.6,43.8
1605943683,11.0,0.0,11.0,0.0,20.6,43.8
1605943684,11.0,0.0,11.0,0.0,20.6,43.8
1605943685,11.0,0.0,12.0,0.0,20.6,43.8
1605943686,11.0,0.0,12.0,0.0,20.6,43.8
1605943687,11.0,0.0,12.0,0.0,20.6,44.0
1605943688,11.0,0.0,12.0,0.0,20.6,44.0
1605943689,11.0,0.0,12.0,0.0,20.6,44.0
1605943690,11.0,0.0,12.0,0.0,20.6,44.0
1605943691,11.0,0.0,13.0,0.0,20.6,44.0
1605943692,11.0,0.0,13.0,0.0,20.6,44.0
1605943693,11.0,0.0,13.0,0.0,20.6,44.0
1605943694,11.0,0.0,13.0,0.0,20.6,44.0
1605943695,11.0,0.0,13.0,0.0,20.6,44.0
1605943696,11.0,0.0,13.0,0.0,20.6,44.0
1605943697,11.0,0.0,13.0,0.0,20.6,44.1
1605943698,11.0,0.0,13.0,0.0,20.6,44.1
1605943699,10.0,0.0,13.0,0.0,20.6,44.1
1605943700,10.0,0.0,13.0,0.0,20.6,44.1
1605943701,10.0,0.0,13.0,0.0,20.6,44.1
1605943702,10.0,0.0,13.0,0.0,20.6,44.2
1605943703,10.0,0.0,13.0,0.0,20.6,44.2
1605943704,10.0,0.0,13.0,0.0,20.6,44.2
1605943705,10.0,0.0,13.0,0.0,20.6,44.2
1605943706,10.0,0.0,13.0,0.0,20.6,44.2
1605943707,10.0,0.0,13.0,0.0,20.6,44.2
1605943708,11.0,0.0,13.0,0.0,20.6,44.2
1605943709,11.0,0.0,13.0,0.0,20.6,44.2
1605943710,11.0,0.0,13.0,0.0,20.6,44.2
1605943711,12.0,0.0,13.0,0.0,20.6,44.2
1605943712,12.0,0.0,13.0,0.0,20.6,44.3
1605943713,12.0,0.0,12.0,0.0,20.6,44.3
1605943714,12.0,0.0,12.0,0.0,20.6,44.3
1605943715,11.909090909090908,0.0,12.0,0.0,20.6,44.3
1605943716,11.818181818181818,0.0,12.0,0.0,20.6,44.3
1605943717,11.727272727272728,0.0,12.0,0.0,20.6,44.3
1605943718,11.636363636363637,0.0,12.0,0.0,20.6,44.3
1605943719,11.545454545454543,0.0,12.0,0.0,20.6,44.3
1605943720,11.454545454545457,0.0,12.0,0.0,20.6,44.3
1605943721,11.363636363636363,0.0,12.0,0.0,20.6,44.3
1605943722,11.272727272727272,0.0,12.0,0.0,20.6,44.3
1605943723,11.181818181818182,0.0,12.0,0.0,20.6,44.3
1605943724,11.090909090909092,0.0,12.0,0.0,20.6,44.3
1605943725,11.0,0.0,12.0,0.0,20.6,44.3
1605943726,10.0,0.0,12.0,0.0,20.6,44.3
1605943727,10.0,0.0,11.0,0.0,20.6,44.2
1605943728,11.0,0.0,11.0,0.0,20.6,44.2
1605943729,11.0,0.0,11.0,0.0,20.6,44.2
1605943730,11.0,0.0,11.0,0.0,20.6,44.2
1605943731,11.0,0.0,11.0,0.0,20.6,44.2
1605943732,11.0,0.0,11.0,0.0,20.6,44.2
1605943733,11.0,0.0,12.0,0.0,20.6,44.2
1605943734,11.0,0.0,12.0,0.0,20.6,44.2
1605943735,11.0,0.0,12.0,0.0,20.6,44.2
1605943736,11.0,0.0,12.0,0.0,20.6,44.2
1605943737,11.0,0.0,13.0,0.0,20.6,44.2
1605943738,10.0,0.0,13.0,0.0,20.6,44.2
1605943739,10.0,0.0,13.0,0.0,20.6,44.2
1605943740,11.0,0.0,13.0,0.0,20.6,44.2
1605943741,11.0,0.0,13.0,0.0,20.6,44.2
1605943742,11.0,0.0,13.0,0.0,20.6,44.3
1605943743,11.0,0.0,12.0,0.0,20.6,44.3
1605943744,11.0,0.0,12.0,0.0,20.6,44.3
1605943745,11.0,0.0,12.0,0.0,20.6,44.3
1605943746,11.0,0.0,11.0,0.0,20.6,44.3
1605943747,12.0,0.0,11.0,0.0,20.6,44.4
1605943748,12.0,0.0,11.0,0.0,20.6,44.4
1605943749,12.0,0.0,11.0,0.0,20.6,44.4
1605943750,12.0,0.0,10.0,0.0,20.6,44.4
1605943751,12.0,0.0,10.0,0.0,20.6,44.4
1605943752,12.0,0.0,10.0,0.0,20.6,44.4
1605943753,12.0,0.0,10.0,0.0,20.6,44.4
1605943754,11.0,0.0,11.0,0.0,20.6,44.4
1605943755,11.0,0.0,11.0,0.0,20.6,44.4
1605943756,11.0,0.0,11.0,0.0,20.6,44.4
1605943757,11.0,0.0,11.0,0.0,20.6,44.5
1605943758,12.0,0.0,11.0,0.0,20.6,44.5
1605943759,12.0,0.0,12.0,0.0,20.6,44.5
1605943760,12.0,0.0,12.0,0.0,20.6,44.5
1605943761,12.0,0.0,12.0,0.0,20.6,44.5
1605943762,12.0,0.0,12.0,0.0,20.6,44.6
1605943763,12.0,0.0,12.0,0.0,20.6,44.6
1605943764,12.0,0.0,12.0,0.0,20.6,44.6
1605943765,12.0,0.0,12.0,0.0,20.6,44.6
1605943766,12.0,0.0,12.0,0.0,20.6,44.6
1605943767,12.0,0.0,12.0,0.0,20.6,44.6
1605943768,12.0,0.0,12.0,0.0,20.6,44.6
1605943769,12.0,0.0,12.0,0.0,20.6,44.6
1605943770,12.0,0.0,12.0,0.0,20.6,44.6
1605943771,12.0,0.0,12.0,0.0,20.6,44.6
1605943772,12.0,0.0,12.0,0.0,20.6,44.6
1605943773,12.0,0.0,12.0,0.0,20.6,44.6
1605943774,12.0,0.0,12.0,0.0,20.6,44.6
1605943775,12.0,0.0,12.0,0.0,20.6,44.6
1605943776,11.0,0.0,12.0,0.0,20.6,44.6
1605943777,11.0,0.0,12.0,0.0,20.6,44.7
1605943778,11.0,0.0,12.0,0.0,20.6,44.7
1605943779,11.0,0.0,12.0,0.0,20.6,44.7
1605943780,11.0,0.0,12.0,0.0,20.6,44.7
1605943781,11.0,0.0,12.0,0.0,20.6,44.7
1605943782,11.0,0.0,12.0,0.0,20.6,44.8
1605943783,11.0,0.0,12.0,0.0,20.6,44.8
1605943784,11.0,0.0,11.0,0.0,20.6,44.8
1605943785,11.0,0.0,11.0,0.0,20.6,44.8
1605943786,11.0,0.0,11.0,0.0,20.6,44.8
1605943787,11.0,0.0,11.0,0.0,20.6,44.8
1605943788,11.0,0.0,11.0,0.0,20.6,44.8
1605943789,11.0,0.0,11.0,0.0,20.6,44.8
1605943790,11.0,0.0,11.0,0.0,20.6,44.8
1605943791,11.0,0.0,11.0,0.0,20.6,44.8
1605943792,12.0,0.0,11.0,0.0,20.6,44.8
1605943793,12.0,0.0,11.0,0.0,20.6,44.8
1605943794,12.0,0.0,12.0,0.0,20.6,44.8
1605943795,12.0,0.0,12.0,0.0,20.6,44.8
1605943796,12.0,0.0,12.0,0.0,20.6,44.8
1605943797,12.0,0.0,12.0,0.0,20.6,44.9
1605943798,12.0,0.0,12.0,0.0,20.6,44.9
1605943799,12.0,0.0,13.0,0.0,20.6,44.9
1605943800,12.0,0.0,13.0,0.0,20.6,44.9
1605943801,11.0,0.0,13.0,0.0,20.6,44.9
1605943802,11.0,0.0,13.0,0.0,20.6,45.1
1605943803,11.0,0.0,13.0,0.0,20.6,45.1
1605943804,11.0,0.0,13.0,0.0,20.6,45.1
1605943805,11.0,0.0,13.0,0.0,20.6,45.1
1605943806,11.0,0.0,13.0,0.0,20.6,45.1
1605943807,10.0,0.0,13.0,0.0,20.6,45.1
1605943808,10.0,0.0,13.0,0.0,20.6,45.1
1605943809,10.0,0.0,13.0,0.0,20.6,45.1
1605943810,10.0,0.0,13.0,0.0,20.6,45.1
1605943811,10.0,0.0,13.0,0.0,20.6,45.1
1605943812,10.0,0.0,13.0,0.0,20.6,45.1
1605943813,10.0,0.0,14.0,0.0,20.6,45.1
1605943814,10.0,0.0,14.0,0.0,20.6,45.1
1605943815,10.0,0.0,13.0,0.0,20.6,45.1
1605943816,10.0,0.0,13.0,0.0,20.6,45.1
1605943817,10.0,0.0,13.0,0.0,20.6,45.1
1605943818,10.0,0.0,12.0,0.0,20.6,45.1
1605943819,9.0,0.0,12.0,0.0,20.6,45.1
1605943820,9.0,0.0,12.0,0.0,20.6,45.1
1605943821,9.0,0.0,12.0,0.0,20.6,45.1
1605943822,9.0,0.0,12.0,0.0,20.6,45.2
1605943823,9.0,0.0,12.0,0.0,20.6,45.2
1605943824,9.0,0.0,12.0,0.0,20.6,45.2
1605943825,9.0,0.0,12.0,0.0,20.6,45.2
1605943826,9.0,0.0,12.0,0.0,20.6,45.2
1605943827,9.0,0.0,12.0,0.0,20.6,45.2
1605943828,9.0,0.0,11.0,0.0,20.7,45.4
1605943829,9.0,0.0,11.0,0.0,20.7,45.4
1605943830,9.0,0.0,12.0,0.0,20.7,45.4
1605943831,9.0,0.0,11.0,0.0,20.7,45.4
1605943832,10.0,0.0,11.0,0.0,20.7,45.4
1605943833,10.0,0.0,11.0,0.0,20.7,45.5
1605943834,9.0,0.0,11.0,0.0,20.7,45.5
1605943835,9.0,0.0,11.0,0.0,20.7,45.5
1605943836,9.0,0.0,11.0,0.0,20.7,45.5
1605943837,9.0,0.0,10.0,0.0,20.7,45.5
1605943838,9.0,0.0,10.0,0.0,20.6,45.4
1605943839,9.0,0.0,10.0,0.0,20.6,45.4
1605943840,9.0,0.0,10.0,0.0,20.6,45.4
1605943841,9.0,0.0,10.0,0.0,20.6,45.4
1605943842,9.0,0.0,10.0,0.0,20.6,45.4
1605943843,9.0,0.0,10.0,0.0,20.7,45.5
1605943844,9.0,0.0,10.0,0.0,20.7,45.5
1605943845,9.0,0.0,11.0,0.0,20.7,45.5
1605943846,9.0,0.0,11.0,0.0,20.7,45.5
1605943847,9.0,0.0,11.0,0.0,20.7,45.5
1605943848,9.0,0.0,11.0,0.0,20.7,45.6
1605943849,9.0,0.0,11.0,0.0,20.7,45.6
1605943850,9.0,0.0,11.0,0.0,20.7,45.6
1605943851,9.0,0.0,11.0,0.0,20.7,45.6
1605943852,9.0,0.0,11.0,0.0,20.7,45.6
1605943853,9.0,0.0,12.0,0.0,20.7,45.5
1605943854,10.0,0.0,12.0,0.0,20.7,45.5
1605943855,10.0,0.0,12.0,0.0,20.7,45.5
1605943856,10.0,0.0,12.0,0.0,20.7,45.5
1605943857,10.0,0.0,11.0,0.0,20.7,45.5
1605943858,10.0,0.0,11.0,0.0,20.7,45.5
1605943859,11.0,0.0,11.0,0.0,20.7,45.5
1605943860,11.0,0.0,11.0,0.0,20.7,45.5
1605943861,11.0,0.0,11.0,0.0,20.7,45.5
1605943862,11.0,0.0,11.0,0.0,20.7,45.5
1605943863,11.0,0.0,11.0,0.0,20.7,45.5
1605943864,11.0,0.0,10.0,0.0,20.7,45.5
1605943865,11.0,0.0,10.0,0.0,20.7,45.5
1605943866,11.0,0.0,10.0,0.0,20.7,45.5
1605943867,11.0,0.0,9.0,0.0,20.7,45.5
1605943868,11.0,0.0,9.0,0.0,20.6,45.2
1605943869,10.0,0.0,9.0,0.0,20.6,45.2
1605943870,10.0,0.0,8.0,0.0,20.6,45.2
1605943871,10.0,0.0,8.0,0.0,20.6,45.2
1605943872,10.0,0.0,8.0,0.0,20.6,45.2
1605943873,10.0,0.0,8.0,0.0,20.7,45.1
1605943874,10.0,0.0,8.0,0.0,20.7,45.1
1605943875,10.0,0.0,7.0,0.0,20.7,45.1
1605943876,10.0,0.0,7.0,0.0,20.7,45.1
1605943877,10.0,0.0,7.0,0.0,20.7,45.1
1605943878,10.0,0.0,7.0,0.0,20.7,44.9
1605943879,10.0,0.0,7.0,0.0,20.7,44.9
1605943880,10.0,0.0,7.0,0.0,20.7,44.9
1605943881,10.0,0.0,7.0,0.0,20.7,44.9
1605943882,10.0,0.0,7.0,0.0,20.7,44.9
1605943883,10.0,0.0,7.0,0.0,20.7,44.5
1605943884,10.0,0.0,7.0,0.0,20.7,44.5
1605943885,10.0,0.0,7.0,0.0,20.7,44.5
1605943886,10.0,0.0,8.0,0.0,20.7,44.5
1605943887,11.0,0.0,8.0,0.0,20.7,44.5
1605943888,11.0,0.0,8.0,0.0,20.7,44.1
1605943889,11.0,0.0,8.0,0.0,20.7,44.1
1605943890,11.0,0.0,8.0,0.0,20.7,44.1
1605943891,11.0,0.0,8.0,0.0,20.7,44.1
1605943892,10.0,0.0,8.0,0.0,20.7,44.1
1605943893,10.0,0.0,8.0,0.0,20.7,43.9
1605943894,10.0,0.0,8.0,0.0,20.7,43.9
1605943895,10.0,0.0,9.0,0.0,20.7,43.9
1605943896,11.0,0.0,9.0,0.0,20.7,43.9
1605943897,11.0,0.0,9.0,0.0,20.7,43.9
1605943898,11.0,0.0,9.0,0.0,20.7,43.8
1605943899,11.0,0.0,9.0,0.0,20.7,43.8
1605943900,11.0,0.0,9.0,0.0,20.7,43.8
1605943901,11.0,0.0,9.0,0.0,20.7,43.8
1605943902,11.0,0.0,9.0,0.0,20.7,43.8
1605943903,11.0,0.0,9.0,0.0,20.7,43.8
1605943904,11.0,0.0,9.0,0.0,20.7,43.8
1605943905,11.0,0.0,9.0,0.0,20.7,43.8
1605943906,10.0,0.0,9.0,0.0,20.7,43.8
1605943907,10.0,0.0,9.0,0.0,20.7,43.8
1605943908,10.0,0.0,9.0,0.0,20.7,43.8
1605943909,10.0,0.0,9.0,0.0,20.7,43.8
1605943910,10.0,0.0,8.0,0.0,20.7,43.8
1605943911,10.0,0.0,8.0,0.0,20.7,43.8
1605943912,10.0,0.0,8.0,0.0,20.7,43.8
1605943913,10.0,0.0,8.0,0.0,20.7,43.9
1605943914,10.0,0.0,8.0,0.0,20.7,43.9
1605943915,10.0,0.0,8.0,0.0,20.7,43.9
1605943916,10.0,0.0,8.0,0.0,20.7,43.9
1605943917,10.0,0.0,8.0,0.0,20.7,43.9
1605943918,10.0,0.0,8.0,0.0,20.7,44.0
1605943919,10.0,0.0,8.0,0.0,20.7,44.0
1605943920,10.0,0.0,8.0,0.0,20.7,44.0
1605943921,10.0,0.0,7.0,0.0,20.7,44.0
1605943922,10.0,0.0,7.0,0.0,20.7,44.0
1605943923,10.0,0.0,7.0,0.0,20.7,44.1
1605943924,10.0,0.0,7.0,0.0,20.7,44.1
1605943925,10.0,0.0,8.0,0.0,20.7,44.1
1605943926,10.0,0.0,8.0,0.0,20.7,44.1
1605943927,10.0,0.0,8.0,0.0,20.7,44.1
1605943928,10.0,0.0,7.0,0.0,20.7,44.1
1605943929,10.0,0.0,7.0,0.0,20.7,44.1
1605943930,10.0,0.0,7.0,0.0,20.7,44.1
1605943931,9.0,0.0,7.0,0.0,20.7,44.1
1605943932,9.0,0.0,7.0,0.0,20.7,44.1
1605943933,10.0,0.0,8.0,0.0,20.7,44.3
1605943934,10.0,0.0,7.0,0.0,20.7,44.3
1605943935,10.0,0.0,7.0,0.0,20.7,44.3
1605943936,10.0,0.0,7.0,0.0,20.7,44.3
1605943937,10.0,0.0,7.0,0.0,20.7,44.3
1605943938,10.0,0.0,7.0,0.0,20.7,44.6
1605943939,10.0,0.0,7.0,0.0,20.7,44.6
1605943940,10.0,0.0,7.0,0.0,20.7,44.6
1605943941,10.0,0.0,7.0,0.0,20.7,44.6
1605943942,10.0,0.0,7.0,0.0,20.7,44.6
1605943943,10.0,0.0,7.0,0.0,20.7,44.7
1605943944,10.0,0.0,7.0,0.0,20.7,44.7
1605943945,10.0,0.0,7.0,0.0,20.7,44.7
1605943946,10.0,0.0,8.0,0.0,20.7,44.7
1605943947,10.0,0.0,8.0,0.0,20.7,44.7
1605943948,10.0,0.0,8.0,0.0,20.7,44.7
1605943949,10.0,0.0,8.0,0.0,20.7,44.7
1605943950,10.0,0.0,8.0,0.0,20.7,44.7
1605943951,10.0,0.0,8.0,0.0,20.7,44.7
1605943952,10.0,0.0,8.0,0.0,20.7,44.7
1605943953,10.0,0.0,9.0,0.0,20.7,44.7
1605943954,10.0,0.0,9.0,0.0,20.7,44.7
1605943955,10.0,0.0,9.0,0.0,20.7,44.7
1605943956,10.0,0.0,8.0,0.0,20.7,44.7
1605943957,10.0,0.0,8.0,0.0,20.7,44.7
1605943958,10.0,0.0,8.0,0.0,20.7,44.7
1605943959,10.0,0.0,8.0,0.0,20.7,44.7
1605943960,10.0,0.0,8.0,0.0,20.7,44.7
1605943961,10.0,0.0,8.0,0.0,20.7,44.7
1605943962,10.0,0.0,8.0,0.0,20.7,44.7
1605943963,11.0,0.0,8.0,0.0,20.7,44.7
1605943964,11.0,0.0,7.0,0.0,20.7,44.7
1605943965,11.0,0.0,7.0,0.0,20.7,44.7
1605943966,11.0,0.0,7.0,0.0,20.7,44.7
1605943967,11.0,0.0,7.0,0.0,20.7,44.7
1605943968,11.0,0.0,8.0,0.0,20.7,44.7
1605943969,11.0,0.0,8.0,0.0,20.7,44.7
1605943970,11.0,0.0,8.0,0.0,20.7,44.7
1605943971,10.0,0.0,8.0,0.0,20.7,44.7
1605943972,10.090909090909092,0.0,8.0,0.0,20.7,44.7
1605943973,10.181818181818182,0.0,8.0,0.0,20.7,44.7
1605943974,10.272727272727272,0.0,8.0,0.0,20.7,44.7
1605943975,10.363636363636363,0.0,8.0,0.0,20.7,44.7
1605943976,10.454545454545457,0.0,8.0,0.0,20.7,44.7
1605943977,10.545454545454543,0.0,8.0,0.0,20.7,44.7
1605943978,10.636363636363637,0.0,8.0,0.0,20.7,44.7
1605943979,10.727272727272728,0.0,8.0,0.0,20.7,44.7
1605943980,10.818181818181818,0.0,8.0,0.0,20.7,44.7
1605943981,10.909090909090908,0.0,8.0,0.0,20.7,44.7
1605943982,11.0,0.0,8.0,0.0,20.7,44.7
1605943983,11.0,0.0,8.0,0.0,20.7,44.8
1605943984,11.0,0.0,8.0,0.0,20.7,44.8
1605943985,11.0,0.0,9.0,0.0,20.7,44.8
1605943986,11.0,0.0,9.0,0.0,20.7,44.8
1605943987,11.0,0.0,9.0,0.0,20.7,44.8
1605943988,11.0,0.0,9.0,0.0,20.7,44.8
1605943989,11.0,0.0,9.0,0.0,20.7,44.8
1605943990,11.0,0.0,9.0,0.0,20.7,44.8
1605943991,11.0,0.0,9.0,0.0,20.7,44.8
1605943992,11.0,0.0,10.0,0.0,20.7,44.8
1605943993,11.0,0.0,10.0,0.0,20.7,44.7
1605943994,11.0,0.0,10.0,0.0,20.7,44.7
1605943995,11.0,0.0,10.0,0.0,20.7,44.7
1605943996,11.0,0.0,10.0,0.0,20.7,44.7
1605943997,11.0,0.0,10.0,0.0,20.7,44.7
1605943998,11.0,0.0,10.0,0.0,20.7,44.7
1605943999,11.0,0.0,10.0,0.0,20.7,44.7
1605944000,11.0,0.0,10.0,0.0,20.7,44.7
1605944001,11.0,0.0,10.0,0.0,20.7,44.7
1605944002,10.0,0.0,10.0,0.0,20.7,44.7
1605944003,10.0,0.0,10.0,0.0,20.7,44.7
1605944004,10.0,0.0,10.0,0.0,20.7,44.7
1605944005,10.0,0.0,10.0,0.0,20.7,44.7
1605944006,10.0,0.0,10.0,0.0,20.7,44.7
1605944007,10.0,0.0,10.0,0.0,20.7,44.7
1605944008,10.0,0.0,10.0,0.0,20.8,44.5
1605944009,10.0,0.0,10.0,0.0,20.8,44.5
1605944010,10.0,0.0,9.0,0.0,20.8,44.5
1605944011,10.0,0.0,9.0,0.0,20.8,44.5
1605944012,10.0,0.0,9.0,0.0,20.8,44.5
1605944013,10.0,0.0,9.0,0.0,20.7,44.3
1605944014,10.0,0.0,9.0,0.0,20.7,44.3
1605944015,10.0,0.0,9.0,0.0,20.7,44.3
1605944016,10.0,0.0,9.0,0.0,20.7,44.3
1605944017,10.0,0.0,9.0,0.0,20.7,44.3
1605944018,10.0,0.0,9.0,0.0,20.8,44.0
1605944019,10.0,0.0,9.0,0.0,20.8,44.0
1605944020,10.0,0.0,9.0,0.0,20.8,44.0
1605944021,10.0,0.0,9.0,0.0,20.8,44.0
1605944022,10.0,0.0,9.0,0.0,20.8,44.0
1605944023,10.0,0.0,9.0,0.0,20.8,43.9
1605944024,10.0,0.0,9.0,0.0,20.8,43.9
1605944025,10.0,0.0,9.0,0.0,20.8,43.9
1605944026,10.0,0.0,9.0,0.0,20.8,43.9
1605944027,10.0,0.0,9.0,0.0,20.8,43.9
1605944028,11.0,0.0,9.0,0.0,20.8,44.0
1605944029,11.0,0.0,9.0,0.0,20.8,44.0
1605944030,11.0,0.0,10.0,0.0,20.8,44.0
1605944031,11.0,0.0,10.0,0.0,20.8,44.0
1605944032,11.0,0.0,10.0,0.0,20.8,44.0
1605944033,10.0,0.0,10.0,0.0,20.8,44.1
1605944034,10.0,0.0,9.0,0.0,20.8,44.1
1605944035,10.0,0.0,9.0,0.0,20.8,44.1
1605944036,10.0,0.0,9.0,0.0,20.8,44.1
1605944037,10.0,0.0,9.0,0.0,20.8,44.1
1605944038,10.0,0.0,9.0,0.0,20.7,44.0
1605944039,10.0,0.0,9.0,0.0,20.7,44.0
1605944040,10.0,0.0,8.0,0.0,20.7,44.0
1605944041,10.0,0.0,8.0,0.0,20.7,44.0
1605944042,10.0,0.0,8.0,0.0,20.7,44.0
1605944043,11.0,0.0,8.0,0.0,20.8,44.1
1605944044,11.0,0.0,8.0,0.0,20.8,44.1
1605944045,11.0,0.0,8.0,0.0,20.8,44.1
1605944046,11.0,0.0,8.0,0.0,20.8,44.1
1605944047,11.0,0.0,8.0,0.0,20.8,44.1
1605944048,11.0,0.0,8.0,0.0,20.8,44.0
1605944049,11.0,0.0,8.0,0.0,20.8,44.0
1605944050,11.0,0.0,8.0,0.0,20.8,44.0
1605944051,11.0,0.0,8.0,0.0,20.8,44.0
1605944052,11.0,0.0,8.0,0.0,20.8,44.0
1605944053,11.0,0.0,8.0,0.0,20.8,44.0
1605944054,11.0,0.0,8.0,0.0,20.8,44.0
1605944055,11.0,0.0,8.0,0.0,20.8,44.0
1605944056,11.0,0.0,8.0,0.0,20.8,44.0
1605944057,11.0,0.0,9.0,0.0,20.8,44.0
1605944058,11.0,0.0,9.0,0.0,20.8,43.9
1605944059,11.0,0.0,9.0,0.0,20.8,43.9
1605944060,11.0,0.0,9.0,0.0,20.8,43.9
1605944061,11.0,0.0,9.0,0.0,20.8,43.9
1605944062,11.0,0.0,9.0,0.0,20.8,43.9
1605944063,11.0,0.0,9.0,0.0,20.8,43.8
1605944064,11.0,0.0,9.0,0.0,20.8,43.8
1605944065,11.0,0.0,9.0,0.0,20.8,43.8
1605944066,11.0,0.0,9.0,0.0,20.8,43.8
1605944067,11.0,0.0,9.0,0.0,20.8,43.8
1605944068,11.0,0.0,9.0,0.0,20.8,43.8
1605944069,11.0,0.0,9.0,0.0,20.8,43.8
1605944070,11.0,0.0,9.0,0.0,20.8,43.8
1605944071,11.0,0.0,9.0,0.0,20.8,43.8
1605944072,11.0,0.0,9.0,0.0,20.8,43.8
1605944073,11.0,0.0,9.0,0.0,20.8,43.7
1605944074,11.0,0.0,9.0,0.0,20.8,43.7
1605944075,11.0,0.0,9.0,0.0,20.8,43.7
1605944076,11.0,0.0,9.0,0.0,20.8,43.7
1605944077,11.0,0.0,9.0,0.0,20.8,43.7
1605944078,11.0,0.0,9.0,0.0,20.7,43.5
1605944079,11.0,0.0,9.0,0.0,20.7,43.5
1605944080,11.0,0.0,9.0,0.0,20.7,43.5
1605944081,11.0,0.0,9.0,0.0,20.7,43.5
1605944082,11.0,0.0,9.0,0.0,20.7,43.5
1605944083,11.0,0.0,9.0,0.0,20.7,43.4
1605944084,11.0,0.0,9.0,0.0,20.7,43.4
1605944085,11.0,0.0,8.0,0.0,20.7,43.4
1605944086,11.0,0.0,8.0,0.0,20.7,43.4
1605944087,11.0,0.0,8.0,0.0,20.7,43.4
1605944088,11.0,0.0,8.0,0.0,20.8,43.5
1605944089,11.0,0.0,8.0,0.0,20.8,43.5
1605944090,11.0,0.0,8.0,0.0,20.8,43.5
1605944091,11.0,0.0,8.0,0.0,20.8,43.5
1605944092,11.0,0.0,8.0,0.0,20.8,43.5
1605944093,11.0,0.0,9.0,0.0,20.8,43.5
1605944094,11.0,0.0,9.0,0.0,20.8,43.5
1605944095,11.0,0.0,9.0,0.0,20.8,43.5
1605944096,11.0,0.0,9.0,0.0,20.8,43.5
1605944097,11.0,0.0,10.0,0.0,20.8,43.5
1605944098,11.0,0.0,10.0,0.0,20.7,43.4
1605944099,11.0,0.0,10.0,0.0,20.7,43.4
1605944100,11.0,0.0,10.0,0.0,20.7,43.4
1605944101,11.0,0.0,10.0,0.0,20.7,43.4
1605944102,11.0,0.0,10.0,0.0,20.7,43.4
1605944103,10.0,0.0,10.0,0.0,20.7,43.3
1605944104,10.0,0.0,10.0,0.0,20.7,43.3
1605944105,10.0,0.0,9.0,0.0,20.7,43.3
1605944106,10.0,0.0,9.0,0.0,20.7,43.3
1605944107,10.0,0.0,9.0,0.0,20.7,43.3
1605944108,10.0,0.0,9.0,0.0,20.7,43.2
1605944109,10.0,0.0,9.0,0.0,20.7,43.2
1605944110,10.0,0.0,9.0,0.0,20.7,43.2
1605944111,10.0,0.0,9.0,0.0,20.7,43.2
1605944112,10.0,0.0,9.0,0.0,20.7,43.2
1605944113,10.0,0.0,9.0,0.0,20.7,43.2
1605944114,10.0,0.0,9.0,0.0,20.7,43.2
1605944115,10.0,0.0,9.0,0.0,20.7,43.2
1605944116,10.0,0.0,9.0,0.0,20.7,43.2
1605944117,11.0,0.0,9.0,0.0,20.7,43.2
1605944118,11.0,0.0,9.0,0.0,20.7,43.3
1605944119,11.0,0.0,9.0,0.0,20.7,43.3
1605944120,11.0,0.0,9.0,0.0,20.7,43.3
1605944121,11.0,0.0,9.0,0.0,20.7,43.3
1605944122,11.0,0.0,10.0,0.0,20.7,43.3
1605944123,11.0,0.0,10.0,0.0,20.7,43.3
1605944124,11.0,0.0,10.0,0.0,20.7,43.3
1605944125,11.0,0.0,10.0,0.0,20.7,43.3
1605944126,11.0,0.0,10.0,0.0,20.7,43.3
1605944127,11.0,0.0,11.0,0.0,20.7,43.3
1605944128,11.0,0.0,11.0,0.0,20.7,43.3
1605944129,11.0,0.0,11.0,0.0,20.7,43.3
1605944130,11.0,0.0,11.0,0.0,20.7,43.3
1605944131,11.0,0.0,11.0,0.0,20.7,43.3
1605944132,11.0,0.0,11.0,0.0,20.7,43.3
1605944133,11.0,0.0,11.0,0.0,20.7,43.3
1605944134,11.0,0.0,9.0,0.0,20.7,43.3
1605944135,11.0,0.0,9.0,0.0,20.7,43.3
1605944136,11.0,0.0,9.0,0.0,20.7,43.3
1605944137,11.0,0.0,9.0,0.0,20.7,43.3
1605944138,11.0,0.0,9.0,0.0,20.7,43.3
1605944139,11.0,0.0,9.0,0.0,20.7,43.3
1605944140,11.0,0.0,9.0,0.0,20.7,43.3
1605944141,11.0,0.0,10.0,0.0,20.7,43.3
1605944142,11.0,0.0,10.0,0.0,20.7,43.3
1605944143,11.0,0.0,10.0,0.0,20.7,43.4
1605944144,11.0,0.0,10.0,0.0,20.7,43.4
1605944145,11.0,0.0,11.0,0.0,20.7,43.4
1605944146,10.0,0.0,11.0,0.0,20.7,43.4
1605944147,10.0,0.0,11.0,0.0,20.7,43.4
1605944148,10.0,0.0,11.0,0.0,20.7,43.4
1605944149,10.0,0.0,11.0,0.0,20.7,43.4
1605944150,10.0,0.0,11.0,0.0,20.7,43.4
1605944151,10.0,0.0,10.0,0.0,20.7,43.4
1605944152,10.0,0.0,10.0,0.0,20.7,43.4
1605944153,10.0,0.0,10.0,0.0,20.7,43.4
1605944154,10.0,0.0,10.0,0.0,20.7,43.4
1605944155,10.0,0.0,10.0,0.0,20.7,43.4
1605944156,10.0,0.0,10.0,0.0,20.7,43.4
1605944157,10.0,0.0,10.0,0.0,20.7,43.4
1605944158,10.0,0.0,10.0,0.0,20.7,43.3
1605944159,10.0,0.0,10.0,0.0,20.7,43.3
1605944160,10.0,0.0,10.0,0.0,20.7,43.3
1605944161,10.0,0.0,10.0,0.0,20.7,43.3
1605944162,10.0,0.0,10.0,0.0,20.7,43.3
1605944163,10.0,0.0,9.0,0.0,20.7,43.4
1605944164,10.0,0.0,9.0,0.0,20.7,43.4
1605944165,10.0,0.0,9.0,0.0,20.7,43.4
1605944166,10.0,0.0,9.0,0.0,20.7,43.4
1605944167,10.0,0.0,9.0,0.0,20.7,43.4
1605944168,10.0,0.0,9.0,0.0,20.7,43.6
1605944169,10.0,0.0,9.0,0.0,20.7,43.6
1605944170,10.0,0.0,10.0,0.0,20.7,43.6
1605944171,10.0,0.0,10.0,0.0,20.7,43.6
1605944172,10.0,0.0,10.0,0.0,20.7,43.6
1605944173,10.0,0.0,10.0,0.0,20.7,43.7
1605944174,10.0,0.0,10.0,0.0,20.7,43.7
1605944175,10.0,0.0,10.0,0.0,20.7,43.7
1605944176,10.0,0.0,10.0,0.0,20.7,43.7
1605944177,9.0,0.0,10.0,0.0,20.7,43.7
1605944178,9.0,0.0,10.0,0.0,20.7,43.6
1605944179,9.0,0.0,10.0,0.0,20.7,43.6
1605944180,9.0,0.0,10.0,0.0,20.7,43.6
1605944181,9.0,0.0,10.0,0.0,20.7,43.6
1605944182,9.0,0.0,10.0,0.0,20.7,43.6
1605944183,9.0,0.0,10.0,0.0,20.7,43.6
1605944184,9.0,0.0,10.0,0.0,20.7,43.6
1605944185,9.0,0.0,10.0,0.0,20.7,43.6
1605944186,9.0,0.0,10.0,0.0,20.7,43.6
1605944187,9.0,0.0,10.0,0.0,20.7,43.6
1605944188,10.0,0.0,10.0,0.0,20.7,43.6
1605944189,10.0,0.0,10.0,0.0,20.7,43.6
1605944190,10.0,0.0,10.0,0.0,20.7,43.6
1605944191,11.0,0.0,10.0,0.0,20.7,43.6
1605944192,11.0,0.0,10.0,0.0,20.7,43.6
1605944193,11.0,0.0,10.0,0.0,20.7,43.7
1605944194,12.0,0.0,9.0,0.0,20.7,43.7
1605944195,12.0,0.0,9.0,0.0,20.7,43.7
1605944196,12.0,0.0,9.0,0.0,20.7,43.7
1605944197,12.0,0.0,9.0,0.0,20.7,43.7
1605944198,12.0,0.0,9.0,0.0,20.7,43.6
1605944199,12.0,0.0,9.0,0.0,20.7,43.6
1605944200,12.0,0.0,9.0,0.0,20.7,43.6
1605944201,12.0,0.0,9.0,0.0,20.7,43.6
1605944202,12.0,0.0,9.0,0.0,20.7,43.6
1605944203,12.0,0.0,10.0,0.0,20.7,43.3
1605944204,12.0,0.0,10.0,0.0,20.7,43.3
1605944205,12.0,0.0,10.0,0.0,20.7,43.3
1605944206,12.0,0.0,10.0,0.0,20.7,43.3
1605944207,12.0,0.0,11.0,0.0,20.7,43.3
1605944208,12.0,0.0,11.0,0.0,20.7,43.2
1605944209,12.0,0.0,11.0,0.0,20.7,43.2
1605944210,12.0,0.0,11.0,0.0,20.7,43.2
1605944211,12.0,0.0,11.0,0.0,20.7,43.2
1605944212,12.0,0.0,11.0,0.0,20.7,43.2
1605944213,12.0,0.0,11.0,0.0,20.7,43.2
1605944214,11.0,0.0,11.0,0.0,20.7,43.2
1605944215,11.0,0.0,10.0,0.0,20.7,43.2
1605944216,11.0,0.0,10.0,0.0,20.7,43.2
1605944217,11.0,0.0,10.0,0.0,20.7,43.2
1605944218,11.0,0.0,10.0,0.0,20.7,43.2
1605944219,11.0,0.0,10.0,0.0,20.7,43.2
1605944220,11.0,0.0,10.0,0.0,20.7,43.2
1605944221,11.0,0.0,10.0,0.0,20.7,43.2
1605944222,11.0,0.0,10.0,0.0,20.7,43.2
1605944223,11.0,0.0,10.0,0.0,20.7,43.4
1605944224,11.0,0.0,10.0,0.0,20.7,43.4
1605944225,11.0,0.0,10.0,0.0,20.7,43.4
1605944226,11.0,0.0,10.0,0.0,20.7,43.4
1605944227,11.0,0.0,10.0,0.0,20.7,43.4
1605944228,11.0,0.0,10.0,0.0,20.7,43.6
1605944229,11.0,0.0,9.0,0.0,20.7,43.6
1605944230,11.0,0.0,9.0,0.0,20.7,43.6
1605944231,11.0,0.0,9.0,0.0,20.7,43.6
1605944232,11.0,0.0,9.0,0.0,20.7,43.6
1605944233,10.909090909090908,0.0,9.0,0.0,20.7,43.6
1605944234,10.818181818181818,0.0,9.0,0.0,20.7,43.6
1605944235,10.727272727272728,0.0,9.0,0.0,20.7,43.6
1605944236,10.636363636363637,0.0,9.0,0.0,20.7,43.6
1605944237,10.545454545454543,0.0,9.0,0.0,20.7,43.6
1605944238,10.454545454545457,0.0,9.0,0.0,20.7,43.6
1605944239,10.363636363636363,0.0,9.0,0.0,20.7,43.6
1605944240,10.272727272727272,0.0,9.0,0.0,20.7,43.6
1605944241,10.181818181818182,0.0,9.0,0.0,20.7,43.6
1605944242,10.090909090909092,0.0,9.0,0.0,20.7,43.6
1605944243,10.0,0.0,9.0,0.0,20.7,43.6
1605944244,10.0,0.0,9.0,0.0,20.7,43.6
1605944245,10.0,0.0,8.0,0.0,20.7,43.6
1605944246,10.0,0.0,8.0,0.0,20.7,43.6
1605944247,10.0,0.0,8.0,0.0,20.7,43.6
1605944248,10.0,0.0,9.0,0.0,20.7,43.6
1605944249,10.0,0.0,9.0,0.0,20.7,43.6
1605944250,10.0,0.0,9.0,0.0,20.7,43.6
1605944251,10.0,0.0,9.0,0.0,20.7,43.6
1605944252,10.0,0.0,9.0,0.0,20.7,43.6
1605944253,10.0,0.0,9.0,0.0,20.7,43.6
1605944254,10.0,0.0,9.0,0.0,20.7,43.6
1605944255,10.0,0.0,9.0,0.0,20.7,43.6
1605944256,10.0,0.0,9.0,0.0,20.7,43.6
1605944257,10.0,0.0,9.0,0.0,20.7,43.6
1605944258,10.0,0.0,9.0,0.0,20.7,43.6
1605944259,10.0,0.0,10.0,0.0,20.7,43.6
1605944260,10.0,0.0,10.0,0.0,20.7,43.6
1605944261,10.0,0.0,10.0,0.0,20.7,43.6
1605944262,10.0,0.0,10.0,0.0,20.7,43.6
1605944263,10.0,0.0,10.0,0.0,20.6,43.4
1605944264,10.0,0.0,11.0,0.0,20.6,43.4
1605944265,10.0,0.0,11.0,0.0,20.6,43.4
1605944266,10.0,0.0,11.0,0.0,20.6,43.4
1605944267,10.0,0.0,11.0,0.0,20.6,43.4
1605944268,10.0,0.0,11.0,0.0,20.7,43.5
1605944269,11.0,0.0,11.0,0.0,20.7,43.5
1605944270,11.0,0.0,11.0,0.0,20.7,43.5
1605944271,11.0,0.0,11.0,0.0,20.7,43.5
1605944272,11.0,0.0,11.0,0.0,20.7,43.5
1605944273,11.0,0.0,11.0,0.0,20.7,43.5
1605944274,11.0,0.0,11.0,0.0,20.7,43.5
1605944275,11.0,0.0,11.0,0.0,20.7,43.5
1605944276,11.0,0.0,11.0,0.0,20.7,43.5
1605944277,11.0,0.0,11.0,0.0,20.7,43.5
1605944278,11.0,0.0,10.0,0.0,20.7,43.6
1605944279,11.0,0.0,10.0,0.0,20.7,43.6
1605944280,11.0,0.0,10.0,0.0,20.7,43.6
1605944281,11.0,0.0,10.0,0.0,20.7,43.6
1605944282,11.0,0.0,10.0,0.0,20.7,43.6
1605944283,11.0,0.0,10.0,0.0,20.7,43.7
1605944284,11.0,0.0,10.0,0.0,20.7,43.7
1605944285,11.0,0.0,10.0,0.0,20.7,43.7
1605944286,11.0,0.0,10.0,0.0,20.7,43.7
1605944287,11.0,0.0,10.0,0.0,20.7,43.7
1605944288,11.0,0.0,10.0,0.0,20.7,43.7
1605944289,11.0,0.0,10.0,0.0,20.7,43.7
1605944290,11.0,0.0,10.0,0.0,20.7,43.7
1605944291,11.0,0.0,10.0,0.0,20.7,43.7
1605944292,11.0,0.0,10.0,0.0,20.7,43.7
1605944293,11.0,0.0,10.0,0.0,20.7,43.7
1605944294,11.0,0.0,10.0,0.0,20.7,43.7
1605944295,11.0,0.0,11.0,0.0,20.7,43.7
1605944296,11.0,0.0,11.0,0.0,20.7,43.7
1605944297,11.0,0.0,12.0,0.0,20.7,43.7
1605944298,11.0,0.0,12.0,0.0,20.7,43.7
1605944299,11.0,0.0,11.0,0.0,20.7,43.7
1605944300,11.0,0.0,11.0,0.0,20.7,43.7
1605944301,11.0,0.0,11.0,0.0,20.7,43.7
1605944302,11.0,0.0,10.0,0.0,20.7,43.7
1605944303,12.0,0.0,10.0,0.0,20.7,43.8
1605944304,12.0,0.0,9.0,0.0,20.7,43.8
1605944305,12.0,0.0,9.0,0.0,20.7,43.8
1605944306,12.0,0.0,9.0,0.0,20.7,43.8
1605944307,12.0,0.0,9.0,0.0,20.7,43.8
1605944308,12.0,0.0,9.0,0.0,20.7,43.9
1605944309,12.0,0.0,9.0,0.0,20.7,43.9
1605944310,11.0,0.0,9.0,0.0,20.7,43.9
1605944311,12.0,0.0,9.0,0.0,20.7,43.9
1605944312,11.0,0.0,9.0,0.0,20.7,43.9
1605944313,11.0,0.0,9.0,0.0,20.3,44.9
1605944314,11.0,0.0,9.0,0.0,20.3,44.9
1605944315,11.0,0.0,9.0,0.0,20.3,44.9
1605944316,11.0,0.0,9.0,0.0,20.3,44.9
1605944317,11.0,0.0,9.0,0.0,20.3,44.9
1605944318,11.0,0.0,10.0,0.0,20.4,45.3
1605944319,11.0,0.0,10.0,0.0,20.4,45.3
1605944320,11.0,0.0,10.0,0.0,20.4,45.3
1605944321,11.0,0.0,10.0,0.0,20.4,45.3
1605944322,11.0,0.0,10.0,0.0,20.4,45.3
1605944323,11.0,0.0,10.0,0.0,20.3,45.3
1605944324,11.0,0.0,10.0,0.0,20.3,45.3
1605944325,11.0,0.0,10.0,0.0,20.3,45.3
1605944326,11.0,0.0,9.0,0.0,20.3,45.3
1605944327,11.0,0.0,9.0,0.0,20.3,45.3
1605944328,10.0,0.0,9.0,0.0,20.4,45.4
1605944329,10.0,0.0,9.0,0.0,20.4,45.4
1605944330,10.0,0.0,9.0,0.0,20.4,45.4
1605944331,10.0,0.0,9.0,0.0,20.4,45.4
1605944332,10.0,0.0,9.0,0.0,20.4,45.4
1605944333,10.0,0.0,9.0,0.0,20.3,45.4
1605944334,10.0,0.0,9.0,0.0,20.3,45.4
1605944335,9.0,0.0,9.0,0.0,20.3,45.4
1605944336,9.0,0.0,9.0,0.0,20.3,45.4
1605944337,9.0,0.0,9.0,0.0,20.3,45.4
1605944338,10.0,0.0,9.0,0.0,20.4,45.5
1605944339,10.0,0.0,9.0,0.0,20.4,45.5
1605944340,10.0,0.0,8.0,0.0,20.4,45.5
1605944341,10.0,0.0,8.0,0.0,20.4,45.5
1605944342,10.0,0.0,8.0,0.0,20.4,45.5
1605944343,10.0,0.0,8.0,0.0,20.3,45.4
1605944344,10.0,0.0,8.0,0.0,20.3,45.4
1605944345,10.0,0.0,8.0,0.0,20.3,45.4
1605944346,10.0,0.0,8.0,0.0,20.3,45.4
1605944347,10.0,0.0,8.0,0.0,20.3,45.4
1605944348,10.0,0.0,9.0,0.0,20.4,45.4
1605944349,10.0,0.0,9.0,0.0,20.4,45.4
1605944350,10.0,0.0,9.0,0.0,20.4,45.4
1605944351,10.0,0.0,9.0,0.0,20.4,45.4
1605944352,10.0,0.0,9.0,0.0,20.4,45.4
1605944353,10.0,0.0,9.0,0.0,20.4,45.4
1605944354,10.0,0.0,9.0,0.0,20.4,45.4
1605944355,11.0,0.0,9.0,0.0,20.4,45.4
1605944356,11.0,0.0,9.0,0.0,20.4,45.4
1605944357,11.0,0.0,9.0,0.0,20.4,45.4
1605944358,11.0,0.0,9.0,0.0,20.4,45.4
1605944359,11.0,0.0,9.0,0.0,20.4,45.4
1605944360,11.0,0.0,9.0,0.0,20.4,45.4
1605944361,11.0,0.0,10.0,0.0,20.4,45.4
1605944362,11.0,0.0,10.0,0.0,20.4,45.4
1605944363,11.0,0.0,10.0,0.0,20.4,45.5
1605944364,11.0,0.0,10.0,0.0,20.4,45.5
1605944365,11.0,0.0,10.0,0.0,20.4,45.5
1605944366,11.0,0.0,10.0,0.0,20.4,45.5
1605944367,11.0,0.0,10.0,0.0,20.4,45.5
1605944368,11.0,0.0,10.0,0.0,20.4,45.5
1605944369,11.0,0.0,11.0,0.0,20.4,45.5
1605944370,11.0,0.0,11.0,0.0,20.4,45.5
1605944371,11.0,0.0,11.0,0.0,20.4,45.5
1605944372,11.0,0.0,11.0,0.0,20.4,45.5
1605944373,11.0,0.0,12.0,0.0,20.3,45.5
1605944374,11.0,0.0,12.0,0.0,20.3,45.5
1605944375,11.0,0.0,12.0,0.0,20.3,45.5
1605944376,11.0,0.0,12.0,0.0,20.3,45.5
1605944377,11.0,0.0,12.0,0.0,20.3,45.5
1605944378,10.0,0.0,13.0,0.0,20.4,45.6
1605944379,10.0,0.0,13.0,0.0,20.4,45.6
1605944380,10.0,0.0,13.0,0.0,20.4,45.6
1605944381,10.0,0.0,13.0,0.0,20.4,45.6
1605944382,10.0,0.0,12.0,0.0,20.4,45.6
1605944383,10.0,0.0,12.0,0.0,20.4,45.7
1605944384,10.0,0.0,12.0,0.0,20.4,45.7
1605944385,10.0,0.0,12.0,0.0,20.4,45.7
1605944386,11.0,0.0,12.0,0.0,20.4,45.7
1605944387,11.0,0.0,11.0,0.0,20.4,45.7
1605944388,11.0,0.0,11.0,0.0,20.4,45.8
1605944389,11.0,0.0,11.0,0.0,20.4,45.8
1605944390,11.0,0.0,11.0,0.0,20.4,45.8
1605944391,11.0,0.0,11.0,0.0,20.4,45.8
1605944392,11.0,0.0,11.0,0.0,20.4,45.8
1605944393,11.0,0.0,11.0,0.0,20.4,45.8
1605944394,11.0,0.0,11.0,0.0,20.4,45.8
1605944395,11.0,0.0,11.0,0.0,20.4,45.8
1605944396,11.0,0.0,10.0,0.0,20.4,45.8
1605944397,11.0,0.0,10.0,0.0,20.4,45.8
1605944398,11.0,0.0,10.0,0.0,20.4,45.8
1605944399,11.0,0.0,10.0,0.0,20.4,45.8
1605944400,11.0,0.0,10.0,0.0,20.4,45.8
1605944401,11.0,0.0,11.0,0.0,20.4,45.8
1605944402,11.0,0.0,11.0,0.0,20.4,45.8
1605944403,11.0,0.0,11.0,0.0,20.4,45.8
1605944404,11.0,0.0,11.0,0.0,20.4,45.8
1605944405,12.0,0.0,11.0,0.0,20.4,45.8
1605944406,12.0,0.0,11.0,0.0,20.4,45.8
1605944407,11.0,0.0,11.0,0.0,20.4,45.8
1605944408,11.0,0.0,11.0,0.0,20.4,45.7
1605944409,11.0,0.0,11.0,0.0,20.4,45.7
1605944410,11.0,0.0,11.0,0.0,20.4,45.7
1605944411,11.0,0.0,11.0,0.0,20.4,45.7
1605944412,11.0,0.0,12.0,0.0,20.4,45.7
1605944413,11.0,0.0,12.0,0.0,20.4,45.7
1605944414,11.0,0.0,12.0,0.0,20.4,45.7
1605944415,11.0,0.0,12.0,0.0,20.4,45.7
1605944416,11.0,0.0,12.0,0.0,20.4,45.7
1605944417,11.0,0.0,12.0,0.0,20.4,45.7
1605944418,11.0,0.0,11.0,0.0,20.4,45.6
1605944419,11.0,0.0,11.0,0.0,20.4,45.6
1605944420,11.0,0.0,11.0,0.0,20.4,45.6
1605944421,11.0,0.0,12.0,0.0,20.4,45.6
1605944422,11.0,0.0,12.0,0.0,20.4,45.6
1605944423,11.0,0.0,12.0,0.0,20.4,45.6
1605944424,10.0,0.0,12.0,0.0,20.4,45.6
1605944425,10.0,0.0,12.0,0.0,20.4,45.6
1605944426,10.0,0.0,12.0,0.0,20.4,45.6
1605944427,10.0,0.0,12.0,0.0,20.4,45.6
1605944428,11.0,0.0,12.0,0.0,20.4,45.6
1605944429,11.0,0.0,12.0,0.0,20.4,45.6
1605944430,11.0,0.0,12.0,0.0,20.4,45.6
1605944431,11.0,0.0,12.0,0.0,20.4,45.6
1605944432,11.0,0.0,12.0,0.0,20.4,45.6
1605944433,12.0,0.0,11.0,0.0,20.5,45.7
1605944434,12.0,0.0,11.0,0.0,20.5,45.7
1605944435,12.0,0.0,11.0,0.0,20.5,45.7
1605944436,12.0,0.0,11.0,0.0,20.5,45.7
1605944437,12.0,0.0,10.0,0.0,20.5,45.7
1605944438,12.0,0.0,10.0,0.0,20.5,45.7
1605944439,12.0,0.0,10.0,0.0,20.5,45.7
1605944440,12.0,0.0,10.0,0.0,20.5,45.7
1605944441,11.0,0.0,10.0,0.0,20.5,45.7
1605944442,11.0,0.0,10.0,0.0,20.5,45.7
1605944443,11.0,0.0,10.0,0.0,20.4,45.5
1605944444,11.0,0.0,10.0,0.0,20.4,45.5
1605944445,11.0,0.0,10.0,0.0,20.4,45.5
1605944446,11.0,0.0,10.0,0.0,20.4,45.5
1605944447,11.0,0.0,11.0,0.0,20.4,45.5
1605944448,11.0,0.0,11.0,0.0,20.4,45.4
1605944449,11.0,0.0,11.0,0.0,20.4,45.4
1605944450,11.0,0.0,11.0,0.0,20.4,45.4
1605944451,11.0,0.0,11.0,0.0,20.4,45.4
1605944452,11.0,0.0,11.0,0.0,20.4,45.4
1605944453,11.0,0.0,11.0,0.0,20.5,45.5
1605944454,11.0,0.0,12.0,0.0,20.5,45.5
1605944455,11.0,0.0,12.0,0.0,20.5,45.5
1605944456,11.0,0.0,12.0,0.0,20.5,45.5
1605944457,11.0,0.0,12.0,0.0,20.5,45.5
1605944458,11.0,0.0,12.0,0.0,20.5,45.4
1605944459,11.0,0.0,12.0,0.0,20.5,45.4
1605944460,11.0,0.0,12.0,0.0,20.5,45.4
1605944461,11.0,0.0,12.0,0.0,20.5,45.4
1605944462,11.0,0.0,12.0,0.0,20.5,45.4
1605944463,11.0,0.0,12.0,0.0,20.4,45.3
1605944464,11.0,0.0,11.0,0.0,20.4,45.3
1605944465,11.0,0.0,11.0,0.0,20.4,45.3
1605944466,11.0,0.0,11.0,0.0,20.4,45.3
1605944467,11.0,0.0,11.0,0.0,20.4,45.3
1605944468,11.0,0.0,11.0,0.0,20.5,45.4
1605944469,11.0,0.0,11.0,0.0,20.5,45.4
1605944470,11.0,0.0,10.0,0.0,20.5,45.4
1605944471,11.0,0.0,10.0,0.0,20.5,45.4
1605944472,12.0,0.0,10.0,0.0,20.5,45.4
1605944473,12.0,0.0,10.0,0.0,20.5,45.4
1605944474,12.0,0.0,10.0,0.0,20.5,45.4
1605944475,12.0,0.0,10.0,0.0,20.5,45.4
1605944476,12.0,0.0,10.0,0.0,20.5,45.4
1605944477,11.0,0.0,10.0,0.0,20.5,45.4
1605944478,11.0,0.0,10.0,0.0,20.5,45.5
1605944479,11.0,0.0,10.0,0.0,20.5,45.5
1605944480,11.0,0.0,10.0,0.0,20.5,45.5
1605944481,11.0,0.0,10.0,0.0,20.5,45.5
1605944482,11.0,0.0,10.0,0.0,20.5,45.5
1605944483,11.0,0.0,10.0,0.0,20.5,45.3
1605944484,11.0,0.0,10.0,0.0,20.5,45.3
1605944485,11.0,0.0,10.0,0.0,20.5,45.3
1605944486,11.0,0.0,10.0,0.0,20.5,45.3
1605944487,10.0,0.0,11.0,0.0,20.5,45.3
1605944488,10.0,0.0,11.0,0.0,20.4,45.1
1605944489,10.0,0.0,11.0,0.0,20.4,45.1
1605944490,10.0,0.0,11.0,0.0,20.4,45.1
1605944491,10.0,0.0,10.0,0.0,20.4,45.1
1605944492,10.0,0.0,10.0,0.0,20.4,45.1
1605944493,10.0,0.0,10.0,0.0,20.5,45.0
1605944494,9.909090909090908,0.0,10.0,0.0,20.5,45.0
1605944495,9.818181818181818,0.0,10.0,0.0,20.5,45.0
1605944496,9.727272727272728,0.0,10.0,0.0,20.5,45.0
1605944497,9.636363636363637,0.0,10.0,0.0,20.5,45.0
1605944498,9.545454545454543,0.0,10.0,0.0,20.5,45.0
1605944499,9.454545454545457,0.0,10.0,0.0,20.5,45.0
1605944500,9.363636363636363,0.0,10.0,0.0,20.5,45.0
1605944501,9.272727272727272,0.0,10.0,0.0,20.5,45.0
1605944502,9.181818181818182,0.0,10.0,0.0,20.5,45.0
1605944503,9.090909090909092,0.0,10.0,0.0,20.5,45.0
1605944504,9.0,0.0,10.0,0.0,20.5,45.0
1605944505,9.0,0.0,10.0,0.0,20.5,45.0
1605944506,9.0,0.0,10.0,0.0,20.5,45.0
1605944507,9.0,0.0,10.0,0.0,20.5,45.0
1605944508,9.0,0.0,10.0,0.0,20.5,44.9
1605944509,9.0,0.0,10.0,0.0,20.5,44.9
1605944510,9.0,0.0,9.0,0.0,20.5,44.9
1605944511,9.0,0.0,9.0,0.0,20.5,44.9
1605944512,9.0,0.0,9.0,0.0,20.5,44.9
1605944513,9.0,0.0,9.0,0.0,20.5,44.9
1605944514,9.0,0.0,9.0,0.0,20.5,44.8
1605944515,9.0,0.0,9.0,0.0,20.5,44.8
1605944516,10.0,0.0,9.0,0.0,20.5,44.8
1605944517,10.0,0.0,10.0,0.0,20.5,44.8
1605944518,10.0,0.0,10.0,0.0,20.5,44.8
1605944519,11.0,0.0,10.0,0.0,20.5,44.8
1605944520,11.0,0.0,10.0,0.0,20.5,44.8
1605944521,11.0,0.0,10.0,0.0,20.5,44.8
1605944522,11.0,0.0,10.0,0.0,20.5,44.8
1605944523,12.0,0.0,10.0,0.0,20.5,44.8
1605944524,12.0,0.0,10.0,0.0,20.5,44.7
1605944525,12.0,0.0,10.0,0.0,20.5,44.7
1605944526,12.0,0.0,10.0,0.0,20.5,44.7
1605944527,12.0,0.0,10.0,0.0,20.5,44.7
1605944528,12.0,0.0,10.0,0.0,20.5,44.7
1605944529,12.0,0.0,9.0,0.0,20.5,44.7
1605944530,12.0,0.0,9.0,0.0,20.5,44.7
1605944531,12.0,0.0,9.0,0.0,20.5,44.7
1605944532,12.0,0.0,9.0,0.0,20.5,44.7
1605944533,11.0,0.0,9.0,0.0,20.5,44.7
1605944534,11.0,0.0,9.0,0.0,20.5,44.7
1605944535,11.0,0.0,9.0,0.0,20.5,44.7
1605944536,11.0,0.0,9.0,0.0,20.5,44.7
1605944537,11.0,0.0,9.0,0.0,20.5,44.7
1605944538,11.0,0.0,9.0,0.0,20.5,44.7
1605944539,10.0,0.0,9.0,0.0,20.5,44.9
1605944540,10.0,0.0,10.0,0.0,20.5,44.9
1605944541,10.0,0.0,10.0,0.0,20.5,44.9
1605944542,10.0,0.0,10.0,0.0,20.5,44.9
1605944543,10.0,0.0,10.0,0.0,20.5,44.9
1605944544,10.0,0.0,10.0,0.0,20.5,45.0
1605944545,10.0,0.0,10.0,0.0,20.5,45.0
1605944546,11.0,0.0,10.0,0.0,20.5,45.0
1605944547,11.0,0.0,10.0,0.0,20.5,45.0
1605944548,11.0,0.0,11.0,0.0,20.5,45.0
1605944549,11.0,0.0,11.0,0.0,20.5,45.0
1605944550,11.0,0.0,11.0,0.0,20.5,45.0
1605944551,11.0,0.0,11.0,0.0,20.5,45.0
1605944552,11.0,0.0,11.0,0.0,20.5,45.0
1605944553,11.0,0.0,11.0,0.0,20.5,45.0
1605944554,12.0,0.0,11.0,0.0,20.5,45.0
1605944555,12.0,0.0,11.0,0.0,20.5,45.0
1605944556,12.0,0.0,11.0,0.0,20.5,45.0
1605944557,11.0,0.0,11.0,0.0,20.5,45.0
1605944558,11.0,0.0,11.0,0.0,20.5,45.0
1605944559,11.0,0.0,12.0,0.0,20.5,45.0
1605944560,11.0,0.0,12.0,0.0,20.5,45.0
1605944561,11.0,0.0,12.0,0.0,20.5,45.0
1605944562,11.0,0.0,12.0,0.0,20.5,45.0
1605944563,10.0,0.0,13.0,0.0,20.5,45.0
1605944564,10.0,0.0,13.0,0.0,20.5,44.7
1605944565,10.0,0.0,13.0,0.0,20.5,44.7
1605944566,10.0,0.0,13.0,0.0,20.5,44.7
1605944567,10.0,0.0,13.0,0.0,20.5,44.7
1605944568,10.0,0.0,13.0,0.0,20.5,44.7
1605944569,10.0,0.0,13.0,0.0,20.5,44.7
1605944570,10.0,0.0,13.0,0.0,20.5,44.7
1605944571,10.0,0.0,13.0,0.0,20.5,44.7
1605944572,10.0,0.0,13.0,0.0,20.5,44.7
1605944573,10.0,0.0,13.0,0.0,20.5,44.7
1605944574,10.0,0.0,12.0,0.0,20.6,44.7
1605944575,10.0,0.0,12.0,0.0,20.6,44.7
1605944576,11.0,0.0,12.0,0.0,20.6,44.7
1605944577,11.0,0.0,12.0,0.0,20.6,44.7
1605944578,11.0,0.0,12.0,0.0,20.6,44.7
1605944579,11.0,0.0,11.0,0.0,20.5,44.6
1605944580,11.0,0.0,11.0,0.0,20.5,44.6
1605944581,11.0,0.0,11.0,0.0,20.5,44.6
1605944582,11.0,0.0,11.0,0.0,20.5,44.6
1605944583,11.0,0.0,11.0,0.0,20.5,44.6
1605944584,11.0,0.0,11.0,0.0,20.6,44.8
1605944585,11.0,0.0,11.0,0.0,20.6,44.8
1605944586,11.0,0.0,11.0,0.0,20.6,44.8
1605944587,11.0,0.0,11.0,0.0,20.6,44.8
1605944588,11.0,0.0,11.0,0.0,20.6,44.8
1605944589,11.0,0.0,10.0,0.0,20.6,44.9
1605944590,11.0,0.0,10.0,0.0,20.6,44.9
1605944591,10.0,0.0,10.0,0.0,20.6,44.9
1605944592,10.0,0.0,10.0,0.0,20.6,44.9
1605944593,10.0,0.0,10.0,0.0,20.6,44.9
1605944594,10.0,0.0,9.0,0.0,20.6,44.9
1605944595,10.0,0.0,9.0,0.0,20.6,44.9
1605944596,10.0,0.0,9.0,0.0,20.6,44.9
1605944597,10.0,0.0,9.0,0.0,20.6,44.9
1605944598,10.0,0.0,9.0,0.0,20.6,44.9
1605944599,11.0,0.0,9.0,0.0,20.5,44.9
1605944600,11.0,0.0,9.0,0.0,20.5,44.9
1605944601,11.0,0.0,9.0,0.0,20.5,44.9
1605944602,11.0,0.0,9.0,0.0,20.5,44.9
1605944603,11.0,0.0,10.0,0.0,20.5,44.9
1605944604,11.0,0.0,10.0,0.0,20.6,45.2
1605944605,11.0,0.0,10.0,0.0,20.6,45.2
1605944606,11.0,0.0,10.0,0.0,20.6,45.2
1605944607,11.0,0.0,11.0,0.0,20.6,45.2
1605944608,11.0,0.0,11.0,0.0,20.6,45.2
1605944609,11.0,0.0,11.0,0.0,20.6,45.1
1605944610,11.0,0.0,11.0,0.0,20.6,45.1
1605944611,11.0,0.0,11.0,0.0,20.6,45.1
1605944612,11.0,0.0,10.0,0.0,20.6,45.1
1605944613,11.0,0.0,10.0,0.0,20.6,45.1
1605944614,11.0,0.0,10.0,0.0,20.6,45.0
1605944615,11.0,0.0,10.0,0.0,20.6,45.0
1605944616,10.0,0.0,10.0,0.0,20.6,45.0
1605944617,10.0,0.0,10.0,0.0,20.6,45.0
1605944618,10.0,0.0,10.0,0.0,20.6,45.0
1605944619,10.0,0.0,9.0,0.0,20.5,44.8
1605944620,10.0,0.0,10.0,0.0,20.5,44.8
1605944621,10.0,0.0,11.0,0.0,20.5,44.8
1605944622,10.0,0.0,12.0,0.0,20.5,44.8
1605944623,10.0,0.0,12.0,0.0,20.5,44.8
1605944624,10.0,0.0,11.0,0.0,20.5,44.7
1605944625,10.0,0.0,11.0,0.0,20.5,44.7
1605944626,10.0,0.0,11.0,0.0,20.5,44.7
1605944627,10.0,0.0,11.0,0.0,20.5,44.7
1605944628,10.0,0.0,11.0,0.0,20.5,44.7
1605944629,10.0,0.0,11.0,0.0,20.6,44.8
1605944630,10.0,0.0,11.0,0.0,20.6,44.8
1605944631,10.0,0.0,10.0,0.0,20.6,44.8
1605944632,10.0,0.0,10.0,0.0,20.6,44.8
1605944633,10.0,0.0,10.0,0.0,20.6,44.8
1605944634,10.0,0.0,11.0,0.0,20.5,44.7
1605944635,10.0,0.0,11.0,0.0,20.5,44.7
1605944636,10.0,0.0,11.0,0.0,20.5,44.7
1605944637,10.0,0.0,11.0,0.0,20.5,44.7
1605944638,10.0,0.0,10.0,0.0,20.5,44.7
1605944639,10.0,0.0,10.0,0.0,20.6,44.9
1605944640,10.0,0.0,10.0,0.0,20.6,44.9
1605944641,10.0,0.0,10.0,0.0,20.6,44.9
1605944642,10.0,0.0,10.0,0.0,20.6,44.9
1605944643,10.0,0.0,10.0,0.0,20.6,44.9
1605944644,9.0,0.0,9.0,0.0,20.5,44.8
1605944645,9.0,0.0,9.0,0.0,20.5,44.8
1605944646,9.0,0.0,9.0,0.0,20.5,44.8
1605944647,9.0,0.0,9.0,0.0,20.5,44.8
1605944648,9.0,0.0,10.0,0.0,20.5,44.8
1605944649,9.0,0.0,10.0,0.0,20.6,45.1
1605944650,9.0,0.0,10.0,0.0,20.6,45.1
1605944651,9.0,0.0,10.0,0.0,20.6,45.1
1605944652,9.0,0.0,10.0,0.0,20.6,45.1
1605944653,9.0,0.0,11.0,0.0,20.6,45.1
1605944654,9.0,0.0,11.0,0.0,20.5,45.0
1605944655,10.0,0.0,11.0,0.0,20.5,45.0
1605944656,10.0,0.0,11.0,0.0,20.5,45.0
1605944657,10.0,0.0,11.0,0.0,20.5,45.0
1605944658,10.0,0.0,11.0,0.0,20.5,45.0
1605944659,10.0,0.0,11.0,0.0,20.6,45.1
1605944660,10.0,0.0,11.0,0.0,20.6,45.1
1605944661,10.0,0.0,11.0,0.0,20.6,45.1
1605944662,10.0,0.0,11.0,0.0,20.6,45.1
1605944663,10.0,0.0,11.0,0.0,20.6,45.1
1605944664,10.0,0.0,10.0,0.0,20.5,45.0
1605944665,10.0,0.0,11.0,0.0,20.5,45.0
1605944666,10.0,0.0,11.0,0.0,20.5,45.0
1605944667,10.0,0.0,11.0,0.0,20.5,45.0
1605944668,10.0,0.0,11.0,0.0,20.5,45.0
1605944669,10.0,0.0,11.0,0.0,20.5,45.0
1605944670,10.0,0.0,11.0,0.0,20.5,45.0
1605944671,10.0,0.0,12.0,0.0,20.5,45.0
1605944672,9.0,0.0,12.0,0.0,20.5,45.0
1605944673,9.0,0.0,12.0,0.0,20.5,45.0
1605944674,9.0,0.0,12.0,0.0,20.5,45.0
1605944675,9.0,0.0,12.0,0.0,20.5,45.0
1605944676,9.0,0.0,13.0,0.0,20.5,45.0
1605944677,9.0,0.0,13.0,0.0,20.5,45.0
1605944678,9.0,0.0,13.0,0.0,20.5,45.0
1605944679,9.0,0.0,13.0,0.0,20.5,45.0
1605944680,9.0,0.0,12.0,0.0,20.5,45.0
1605944681,8.0,0.0,12.0,0.0,20.5,45.0
1605944682,8.0,0.0,12.0,0.0,20.5,45.0
1605944683,8.0,0.0,12.0,0.0,20.5,45.0
1605944684,8.0,0.0,12.0,0.0,20.6,45.1
1605944685,8.0,0.0,12.0,0.0,20.6,45.1
1605944686,8.0,0.0,12.0,0.0,20.6,45.1
1605944687,8.0,0.0,11.0,0.0,20.6,45.1
1605944688,9.0,0.0,11.0,0.0,20.6,45.1
1605944689,9.0,0.0,11.0,0.0,20.6,45.1
1605944690,9.0,0.0,11.0,0.0,20.6,45.1
1605944691,8.0,0.0,11.0,0.0,20.6,45.1
1605944692,8.0,0.0,11.0,0.0,20.6,45.1
1605944693,8.0,0.0,11.0,0.0,20.6,45.1
1605944694,8.0,0.0,11.0,0.0,20.5,45.1
1605944695,8.0,0.0,11.0,0.0,20.5,45.1
1605944696,8.0,0.0,10.0,0.0,20.5,45.1
1605944697,8.0,0.0,10.0,0.0,20.5,45.1
1605944698,8.0,0.0,10.0,0.0,20.5,45.1
1605944699,8.0,0.0,10.0,0.0,20.6,45.2
1605944700,8.0,0.0,10.0,0.0,20.6,45.2
1605944701,9.0,0.0,10.0,0.0,20.6,45.2
1605944702,9.0,0.0,10.0,0.0,20.6,45.2
1605944703,9.0,0.0,11.0,0.0,20.6,45.2
1605944704,9.0,0.0,11.0,0.0,20.6,45.3
1605944705,9.0,0.0,11.0,0.0,20.6,45.3
1605944706,9.0,0.0,11.0,0.0,20.6,45.3
1605944707,9.0,0.0,11.0,0.0,20.6,45.3
1605944708,9.0,0.0,11.0,0.0,20.6,45.3
1605944709,9.0,0.0,11.0,0.0,20.6,45.3
1605944710,9.0,0.0,12.0,0.0,20.6,45.3
1605944711,9.0,0.0,12.0,0.0,20.6,45.3
1605944712,9.0,0.0,12.0,0.0,20.6,45.3
1605944713,9.0,0.0,12.0,0.0,20.6,45.3
1605944714,9.0,0.0,12.0,0.0,20.6,45.2
1605944715,9.0,0.0,12.0,0.0,20.6,45.2
1605944716,9.0,0.0,12.0,0.0,20.6,45.2
1605944717,9.0,0.0,12.0,0.0,20.6,45.2
1605944718,9.0,0.0,12.0,0.0,20.6,45.2
1605944719,9.0,0.0,12.0,0.0,20.6,45.2
1605944720,9.0,0.0,12.0,0.0,20.6,45.2
1605944721,9.0,0.0,12.0,0.0,20.6,45.2
1605944722,9.0,0.0,12.0,0.0,20.6,45.2
1605944723,10.0,0.0,12.0,0.0,20.6,45.2
1605944724,10.0,0.0,12.0,0.0,20.6,45.2
1605944725,10.0,0.0,12.0,0.0,20.6,45.2
1605944726,10.0,0.0,12.0,0.0,20.6,45.2
1605944727,10.0,0.0,12.0,0.0,20.6,45.2
1605944728,11.0,0.0,12.0,0.0,20.6,45.2
1605944729,11.0,0.0,12.0,0.0,20.6,45.2
1605944730,11.0,0.0,11.0,0.0,20.6,45.2
1605944731,11.0,0.0,11.0,0.0,20.6,45.2
1605944732,11.0,0.0,11.0,0.0,20.6,45.2
1605944733,11.0,0.0,11.0,0.0,20.6,45.2
1605944734,11.0,0.0,11.0,0.0,20.6,45.1
1605944735,11.0,0.0,11.0,0.0,20.6,45.1
1605944736,11.0,0.0,11.0,0.0,20.6,45.1
1605944737,11.0,0.0,11.0,0.0,20.6,45.1
1605944738,11.0,0.0,11.0,0.0,20.6,45.1
1605944739,11.0,0.0,11.0,0.0,20.6,45.2
1605944740,11.0,0.0,11.0,0.0,20.6,45.2
1605944741,12.0,0.0,11.0,0.0,20.6,45.2
1605944742,12.0,0.0,11.0,0.0,20.6,45.2
1605944743,12.0,0.0,11.0,0.0,20.6,45.2
1605944744,13.0,0.0,11.0,0.0,20.6,45.0
1605944745,13.0,0.0,10.0,0.0,20.6,45.0
1605944746,13.0,0.0,10.0,0.0,20.6,45.0
1605944747,12.727272727272728,0.0,10.0,0.0,20.6,45.0
1605944748,12.454545454545457,0.0,10.0,0.0,20.6,45.0
1605944749,12.181818181818182,0.0,10.0,0.0,20.6,45.0
1605944750,11.90909090909091,0.0,10.0,0.0,20.6,45.0
1605944751,11.636363636363637,0.0,10.0,0.0,20.6,45.0
1605944752,11.363636363636363,0.0,10.0,0.0,20.6,45.0
1605944753,11.09090909090909,0.0,10.0,0.0,20.6,45.0
1605944754,10.818181818181818,0.0,10.0,0.0,20.6,45.0
1605944755,10.545454545454543,0.0,10.0,0.0,20.6,45.0
1605944756,10.272727272727272,0.0,10.0,0.0,20.6,45.0
1605944757,10.0,0.0,10.0,0.0,20.6,45.0
1605944758,10.0,0.0,10.0,0.0,20.6,45.0
1605944759,10.0,0.0,10.0,0.0,20.6,44.9
1605944760,10.0,0.0,10.0,0.0,20.6,44.9
1605944761,10.0,0.0,10.0,0.0,20.6,44.9
1605944762,10.0,0.0,10.0,0.0,20.6,44.9
1605944763,10.0,0.0,10.0,0.0,20.6,44.9
1605944764,10.0,0.0,10.0,0.0,20.6,44.8
1605944765,11.0,0.0,10.0,0.0,20.6,44.8
1605944766,11.0,0.0,10.0,0.0,20.6,44.8
1605944767,11.0,0.0,10.0,0.0,20.6,44.8
1605944768,11.0,0.0,10.0,0.0,20.6,44.8
1605944769,10.0,0.0,10.0,0.0,20.6,44.7
1605944770,10.0,0.0,10.0,0.0,20.6,44.7
1605944771,10.0,0.0,10.0,0.0,20.6,44.7
1605944772,10.0,0.0,10.0,0.0,20.6,44.7
1605944773,10.0,0.0,11.0,0.0,20.6,44.7
1605944774,10.0,0.0,11.0,0.0,20.6,44.6
1605944775,9.0,0.0,11.0,0.0,20.6,44.6
1605944776,9.0,0.0,11.0,0.0,20.6,44.6
1605944777,9.0,0.0,11.0,0.0,20.6,44.6
1605944778,9.0,0.0,11.0,0.0,20.6,44.6
1605944779,9.0,0.0,11.0,0.0,20.6,44.6
1605944780,9.0,0.0,11.0,0.0,20.6,44.6
1605944781,9.0,0.0,11.0,0.0,20.6,44.6
1605944782,9.0,0.0,12.0,0.0,20.6,44.6
1605944783,9.0,0.0,12.0,0.0,20.6,44.6
1605944784,9.0,0.0,12.0,0.0,20.6,44.6
1605944785,9.0,0.0,12.0,0.0,20.6,44.6
1605944786,9.0,0.0,12.0,0.0,20.6,44.6
1605944787,9.0,0.0,12.0,0.0,20.6,44.6
1605944788,9.0,0.0,12.0,0.0,20.6,44.6
1605944789,9.0,0.0,12.0,0.0,20.6,44.6
1605944790,9.0,0.0,11.0,0.0,20.6,44.6
1605944791,9.0,0.0,11.0,0.0,20.6,44.6
1605944792,10.0,0.0,11.0,0.0,20.6,44.6
1605944793,10.0,0.0,11.0,0.0,20.6,44.6
1605944794,10.0,0.0,11.0,0.0,20.6,44.7
1605944795,10.0,0.0,11.0,0.0,20.6,44.7
1605944796,10.0,0.0,10.0,0.0,20.6,44.7
1605944797,10.0,0.0,10.0,0.0,20.6,44.7
1605944798,10.0,0.0,10.0,0.0,20.6,44.7
1605944799,9.0,0.0,10.0,0.0,20.6,44.8
1605944800,9.0,0.0,10.0,0.0,20.6,44.8
1605944801,9.0,0.0,10.0,0.0,20.6,44.8
1605944802,9.0,0.0,10.0,0.0,20.6,44.8
1605944803,9.0,0.0,10.0,0.0,20.6,44.8
1605944804,9.0,0.0,10.0,0.0,20.6,45.1
1605944805,9.0,0.0,10.0,0.0,20.6,45.1
1605944806,10.0,0.0,11.0,0.0,20.6,45.1
1605944807,10.0,0.0,11.0,0.0,20.6,45.1
1605944808,10.0,0.0,11.0,0.0,20.6,45.1
1605944809,10.0,0.0,11.0,0.0,20.6,45.1
1605944810,10.0,0.0,11.0,0.0,20.6,45.1
1605944811,10.0,0.0,11.0,0.0,20.6,45.1
1605944812,10.0,0.0,11.0,0.0,20.6,45.1
1605944813,10.0,0.0,11.0,0.0,20.6,45.1
1605944814,10.0,0.0,11.0,0.0,20.6,45.1
1605944815,10.0,0.0,11.0,0.0,20.6,45.1
1605944816,10.0,0.0,11.0,0.0,20.6,45.1
1605944817,10.0,0.0,11.0,0.0,20.6,45.1
1605944818,10.0,0.0,11.0,0.0,20.6,45.1
1605944819,10.0,0.0,10.0,0.0,20.6,45.1
1605944820,10.0,0.0,10.0,0.0,20.6,45.1
1605944821,10.0,0.0,10.0,0.0,20.6,45.1
1605944822,10.0,0.0,10.0,0.0,20.6,45.1
1605944823,10.0,0.0,10.0,0.0,20.6,45.1
1605944824,10.0,0.0,10.0,0.0,20.6,45.1
1605944825,10.0,0.0,10.0,0.0,20.6,45.1
1605944826,10.0,0.0,10.0,0.0,20.6,45.1
1605944827,11.0,0.0,10.0,0.0,20.6,45.1
1605944828,11.0,0.0,10.0,0.0,20.6,45.1
1605944829,11.0,0.0,10.0,0.0,20.6,45.1
1605944830,11.0,0.0,10.0,0.0,20.6,45.1
1605944831,12.0,0.0,11.0,0.0,20.6,45.1
1605944832,12.0,0.0,11.0,0.0,20.6,45.1
1605944833,12.0,0.0,11.0,0.0,20.6,45.1
1605944834,12.0,0.0,11.0,0.0,20.7,45.3
1605944835,11.0,0.0,11.0,0.0,20.7,45.3
1605944836,11.0,0.0,12.0,0.0,20.7,45.3
1605944837,11.0,0.0,12.0,0.0,20.7,45.3
1605944838,11.0,0.0,12.0,0.0,20.7,45.3
1605944839,10.0,0.0,12.0,0.0,20.7,45.3
1605944840,10.0,0.0,12.0,0.0,20.7,45.3
1605944841,10.0,0.0,12.0,0.0,20.7,45.3
1605944842,9.0,0.0,12.0,0.0,20.7,45.3
1605944843,9.0,0.0,12.0,0.0,20.7,45.3
1605944844,9.0,0.0,12.0,0.0,20.7,45.1
1605944845,9.0,0.0,12.0,0.0,20.7,45.1
1605944846,10.0,0.0,12.0,0.0,20.7,45.1
1605944847,10.0,0.0,12.0,0.0,20.7,45.1
1605944848,10.0,0.0,12.0,0.0,20.7,45.1
1605944849,10.0,0.0,12.0,0.0,20.7,45.1
1605944850,10.0,0.0,12.0,0.0,20.7,45.1
1605944851,10.0,0.0,12.0,0.0,20.7,45.1
1605944852,10.0,0.0,12.0,0.0,20.7,45.1
1605944853,10.0,0.0,12.0,0.0,20.7,45.1
1605944854,10.0,0.0,12.0,0.0,20.7,45.1
1605944855,10.0,0.0,12.0,0.0,20.7,45.1
1605944856,10.0,0.0,12.0,0.0,20.7,45.1
1605944857,11.0,0.0,12.0,0.0,20.7,45.1
1605944858,11.0,0.0,12.0,0.0,20.7,45.1
1605944859,11.0,0.0,12.0,0.0,20.7,45.1
1605944860,11.0,0.0,12.0,0.0,20.7,45.1
1605944861,12.0,0.0,11.0,0.0,20.7,45.1
1605944862,12.0,0.0,11.0,0.0,20.7,45.1
1605944863,12.0,0.0,11.0,0.0,20.7,45.1
1605944864,13.0,0.0,11.0,0.0,20.7,45.2
1605944865,13.0,0.0,11.0,0.0,20.7,45.2
1605944866,13.0,0.0,11.0,0.0,20.7,45.2
1605944867,13.0,0.0,11.0,0.0,20.7,45.2
1605944868,13.0,0.0,11.0,0.0,20.7,45.2
1605944869,12.0,0.0,11.0,0.0,20.7,45.3
1605944870,12.0,0.0,11.0,0.0,20.7,45.3
1605944871,12.0,0.0,11.0,0.0,20.7,45.3
1605944872,12.0,0.0,12.0,0.0,20.7,45.3
1605944873,12.0,0.0,12.0,0.0,20.7,45.3
1605944874,11.0,0.0,12.0,0.0,20.7,45.3
1605944875,11.0,0.0,12.0,0.0,20.7,45.3
1605944876,11.0,0.0,13.0,0.0,20.7,45.3
1605944877,12.0,0.0,13.0,0.0,20.7,45.3
1605944878,12.0,0.0,13.0,0.0,20.7,45.3
1605944879,12.0,0.0,13.0,0.0,20.7,45.4
