timestamp,pm25,pm25_fa,cal_pm25_fa
1606230000,32.0,48.14583333333333,28.286419
1606230001,32.001666666666665,48.125,28.286419
1606230002,32.00333333333333,48.10416666666667,28.286419
1606230003,32.005,48.08333333333333,28.286419
1606230004,32.00666666666667,48.0625,28.286419
1606230005,32.00833333333333,48.04166666666667,28.286419
1606230006,32.01,48.02083333333333,28.286419
1606230007,32.01166666666666,48.0,28.286419
1606230008,32.013333333333335,48.0,28.286419
1606230009,32.015,47.75,26.488655
1606230010,32.016666666666666,47.75,26.488655
1606230011,32.01833333333333,47.5,27.58362
1606230012,32.02,47.25,28.174578
1606230013,32.02166666666667,47.25,28.174578
1606230014,32.02333333333333,47.25,28.174578
1606230015,32.025,47.0,28.816704
1606230016,32.026666666666664,47.0,28.816704
1606230017,32.028333333333336,47.0,28.816704
1606230018,32.03,47.25,28.174578
1606230019,32.031666666666666,47.25,28.174578
1606230020,32.03333333333333,47.5,27.58362
1606230021,32.035,47.5,27.58362
1606230022,32.03666666666667,47.5,27.58362
1606230023,32.038333333333334,47.5,27.58362
1606230024,32.04,47.5,27.58362
1606230025,32.041666666666664,47.5,27.58362
1606230026,32.04333333333334,47.5,27.58362
1606230027,32.045,47.25,28.174578
1606230028,32.04666666666667,47.5,27.58362
1606230029,32.04833333333333,47.5,27.58362
1606230030,32.05,48.0,28.286419
1606230031,32.05166666666667,48.25,28.250269
1606230032,32.053333333333335,48.25,28.250269
1606230033,32.055,48.5,30.459234
1606230034,32.056666666666665,48.75,32.287636
1606230035,32.05833333333333,48.75,32.287636
1606230036,32.06,49.0,33.53413
1606230037,32.06166666666667,49.5,33.340687
1606230038,32.06333333333333,49.25,32.610374
1606230039,32.065,48.75,32.287636
1606230040,32.06666666666667,48.75,32.287636
1606230041,32.068333333333335,48.75,32.287636
1606230042,32.07,48.5,30.459234
1606230043,32.071666666666665,48.75,32.287636
1606230044,32.07333333333333,48.25,28.250269
1606230045,32.075,48.22222222222222,28.286419
1606230046,32.07666666666667,48.19444444444444,28.286419
1606230047,32.07833333333333,48.166666666666664,28.286419
1606230048,32.08,48.138888888888886,28.286419
1606230049,32.08166666666666,48.111111111111114,28.286419
1606230050,32.083333333333336,48.083333333333336,28.286419
1606230051,32.085,48.05555555555556,28.286419
1606230052,32.086666666666666,48.02777777777778,28.286419
1606230053,32.08833333333333,48.0,28.286419
1606230054,32.09,48.25,28.250269
1606230055,32.09166666666667,48.0,28.286419
1606230056,32.093333333333334,48.0,28.286419
1606230057,32.095,48.0,28.286419
1606230058,32.096666666666664,48.0,28.286419
1606230059,32.098333333333336,48.0,28.286419
1606230060,32.1,48.0,28.286419
1606230061,32.10166666666667,48.0,28.286419
1606230062,32.10333333333333,47.5,27.58362
1606230063,32.105,47.5,27.58362
1606230064,32.10666666666667,47.75,26.488655
1606230065,32.108333333333334,47.75,26.488655
1606230066,32.11,47.75,26.488655
1606230067,32.111666666666665,47.75,26.488655
1606230068,32.11333333333334,47.5,27.58362
1606230069,32.115,47.5,27.58362
1606230070,32.11666666666667,47.25,28.174578
1606230071,32.11833333333333,47.25,28.174578
1606230072,32.12,47.25,28.174578
1606230073,32.12166666666667,47.0,28.816704
1606230074,32.123333333333335,47.0,28.816704
1606230075,32.125,46.75,29.43132
1606230076,32.126666666666665,46.75,29.43132
1606230077,32.12833333333333,46.75,29.43132
1606230078,32.13,47.0,28.816704
1606230079,32.13166666666667,47.0,28.816704
1606230080,32.13333333333333,47.0,28.816704
1606230081,32.135,47.25,28.174578
1606230082,32.13666666666666,47.25,28.174578
1606230083,32.138333333333335,47.25,28.174578
1606230084,32.14,47.25,28.174578
1606230085,32.141666666666666,47.5,27.58362
1606230086,32.14333333333333,47.25,28.174578
1606230087,32.145,47.75,26.488655
1606230088,32.14666666666667,48.0,28.286419
1606230089,32.14833333333333,48.25,28.250269
1606230090,32.15,48.25,28.250269
1606230091,32.151666666666664,48.25,28.250269
1606230092,32.153333333333336,48.0,28.286419
1606230093,32.155,48.25,28.250269
1606230094,32.156666666666666,48.0,28.286419
1606230095,32.15833333333333,48.0,28.286419
1606230096,32.16,47.5,27.58362
1606230097,32.16166666666667,47.5,27.58362
1606230098,32.163333333333334,47.0,28.816704
1606230099,32.165,47.0,28.816704
1606230100,32.166666666666664,46.75,29.43132
1606230101,32.16833333333334,47.0,28.816704
1606230102,32.17,47.25,28.174578
1606230103,32.17166666666667,47.25,28.174578
1606230104,32.17333333333333,47.25,28.174578
1606230105,32.175,47.25,28.174578
1606230106,32.17666666666667,47.5,27.58362
1606230107,32.178333333333335,47.75,26.488655
1606230108,32.18,48.0,28.286419
1606230109,32.181666666666665,48.5,30.459234
1606230110,32.18333333333333,48.5,30.459234
1606230111,32.185,48.5,30.459234
1606230112,32.18666666666667,48.5,30.459234
1606230113,32.18833333333333,48.75,32.287636
1606230114,32.19,48.75,32.287636
1606230115,32.19166666666667,48.75,32.287636
1606230116,32.193333333333335,48.75,32.287636
1606230117,32.195,49.25,32.610374
1606230118,32.196666666666665,49.25,32.610374
1606230119,32.19833333333333,49.25,32.610374
1606230120,32.2,49.0,33.53413
1606230121,32.20166666666667,49.25,32.610374
1606230122,32.20333333333333,49.25,32.610374
1606230123,32.205,49.25,32.610374
1606230124,32.20666666666666,49.5,33.340687
1606230125,32.208333333333336,49.5,33.340687
1606230126,32.21,49.5,33.340687
1606230127,32.211666666666666,49.5,33.340687
1606230128,32.21333333333333,49.5,33.340687
1606230129,32.215,49.25,32.610374
1606230130,32.21666666666667,49.25,32.610374
1606230131,32.218333333333334,49.5,33.340687
1606230132,32.22,49.25,32.610374
1606230133,32.221666666666664,49.25,32.610374
1606230134,32.223333333333336,49.25,32.610374
1606230135,32.225,49.25,32.610374
1606230136,32.22666666666667,49.0,33.53413
1606230137,32.22833333333333,49.0,33.53413
1606230138,32.23,48.5,30.459234
1606230139,32.23166666666667,48.5,30.459234
1606230140,32.233333333333334,48.25,28.250269
1606230141,32.235,48.0,28.286419
1606230142,32.236666666666665,47.75,26.488655
1606230143,32.23833333333334,47.75,26.488655
1606230144,32.24,47.5,27.58362
1606230145,32.24166666666667,47.5,27.58362
1606230146,32.24333333333333,47.75,26.488655
1606230147,32.245,48.0,28.286419
1606230148,32.24666666666667,47.75,26.488655
1606230149,32.248333333333335,48.0,28.286419
1606230150,32.25,48.25,28.250269
1606230151,32.251666666666665,48.75,32.287636
1606230152,32.25333333333333,49.0,33.53413
1606230153,32.255,49.5,33.340687
1606230154,32.25666666666667,49.5,33.340687
1606230155,32.25833333333333,49.75,34.11215
1606230156,32.26,49.5,33.340687
1606230157,32.26166666666666,49.5,33.340687
1606230158,32.263333333333335,49.25,32.610374
1606230159,32.265,49.25,32.610374
1606230160,32.266666666666666,49.25,32.610374
1606230161,32.26833333333333,48.75,32.287636
1606230162,32.27,48.5,30.459234
1606230163,32.27166666666667,48.5,30.459234
1606230164,32.27333333333333,48.25,28.250269
1606230165,32.275,48.0,28.286419
1606230166,32.276666666666664,48.0,28.286419
1606230167,32.278333333333336,47.75,26.488655
1606230168,32.28,48.25,28.250269
1606230169,32.281666666666666,48.25,28.250269
1606230170,32.28333333333333,48.5,30.459234
1606230171,32.285,48.5,30.459234
1606230172,32.28666666666667,48.25,28.250269
1606230173,32.288333333333334,48.25,28.250269
1606230174,32.29,48.25,28.250269
1606230175,32.291666666666664,48.25,28.250269
1606230176,32.29333333333334,48.25,28.250269
1606230177,32.295,48.25,28.250269
1606230178,32.29666666666667,48.5,30.459234
1606230179,32.29833333333333,48.25,28.250269
1606230180,32.3,48.0,28.286419
1606230181,32.30166666666667,48.0,28.286419
1606230182,32.303333333333335,47.5,27.58362
1606230183,32.305,47.5,27.58362
1606230184,32.306666666666665,47.5,27.58362
1606230185,32.30833333333333,47.5,27.58362
1606230186,32.31,47.5,27.58362
1606230187,32.31166666666667,47.5,27.58362
1606230188,32.31333333333333,47.5,27.58362
1606230189,32.315,47.5,27.58362
1606230190,32.31666666666667,47.5,27.58362
1606230191,32.318333333333335,47.75,26.488655
1606230192,32.32,48.0,28.286419
1606230193,32.321666666666665,48.0,28.286419
1606230194,32.32333333333333,48.25,28.250269
1606230195,32.325,48.25,28.250269
1606230196,32.32666666666667,48.25,28.250269
1606230197,32.32833333333333,48.5,30.459234
1606230198,32.33,48.25,28.250269
1606230199,32.33166666666666,48.75,32.287636
1606230200,32.333333333333336,48.5,30.459234
1606230201,32.335,48.75,32.287636
1606230202,32.336666666666666,48.75,32.287636
1606230203,32.33833333333333,48.5,30.459234
1606230204,32.34,48.75,32.287636
1606230205,32.34166666666667,48.25,28.250269
1606230206,32.343333333333334,48.25,28.250269
1606230207,32.345,48.25,28.250269
1606230208,32.346666666666664,48.5,30.459234
1606230209,32.348333333333336,48.5,30.459234
1606230210,32.35,48.5,30.459234
1606230211,32.35166666666667,48.75,32.287636
1606230212,32.35333333333333,48.75,32.287636
1606230213,32.355,49.25,32.610374
1606230214,32.35666666666667,49.25,32.610374
1606230215,32.358333333333334,49.0,33.53413
1606230216,32.36,49.0,33.53413
1606230217,32.361666666666665,48.25,28.250269
1606230218,32.36333333333333,48.5,30.459234
1606230219,32.365,48.25,28.250269
1606230220,32.36666666666667,48.25,28.250269
1606230221,32.36833333333333,48.0,28.286419
1606230222,32.37,48.0,28.286419
1606230223,32.37166666666667,48.0,28.286419
1606230224,32.373333333333335,47.75,26.488655
1606230225,32.375,47.75,26.488655
1606230226,32.376666666666665,47.75,26.488655
1606230227,32.37833333333333,47.5,27.58362
1606230228,32.38,47.5,27.58362
1606230229,32.38166666666667,47.75,26.488655
1606230230,32.38333333333333,47.75,26.488655
1606230231,32.385,47.25,28.174578
1606230232,32.38666666666666,47.25,28.174578
1606230233,32.388333333333335,47.25,28.174578
1606230234,32.39,47.25,28.174578
1606230235,32.391666666666666,47.0,28.816704
1606230236,32.39333333333333,47.0,28.816704
1606230237,32.395,47.0,28.816704
1606230238,32.39666666666667,47.0,28.816704
1606230239,32.39833333333333,47.25,28.174578
1606230240,32.4,47.25,28.174578
1606230241,32.401666666666664,47.25,28.174578
1606230242,32.403333333333336,47.25,28.174578
1606230243,32.405,47.5,27.58362
1606230244,32.406666666666666,47.75,26.488655
1606230245,32.40833333333333,47.75,26.488655
1606230246,32.41,47.75,26.488655
1606230247,32.41166666666667,47.75,26.488655
1606230248,32.413333333333334,47.75,26.488655
1606230249,32.415,47.75,26.488655
1606230250,32.416666666666664,47.75,26.488655
1606230251,32.41833333333334,47.75,26.488655
1606230252,32.42,47.75,26.488655
1606230253,32.42166666666667,48.25,28.250269
1606230254,32.42333333333333,48.25,28.250269
1606230255,32.425,48.0,28.286419
1606230256,32.42666666666667,48.0,28.286419
1606230257,32.428333333333335,48.0,28.286419
1606230258,32.43,48.0,28.286419
1606230259,32.431666666666665,47.75,26.488655
1606230260,32.43333333333333,48.25,28.250269
1606230261,32.435,48.0,28.286419
1606230262,32.43666666666667,48.0,28.286419
1606230263,32.43833333333333,47.75,26.488655
1606230264,32.44,48.0,28.286419
1606230265,32.44166666666667,47.75,26.488655
1606230266,32.443333333333335,47.5,27.58362
1606230267,32.445,48.0,28.286419
1606230268,32.446666666666665,48.0,28.286419
1606230269,32.44833333333333,48.0,28.286419
1606230270,32.45,48.0,28.286419
1606230271,32.45166666666667,48.0,28.286419
1606230272,32.45333333333333,48.25,28.250269
1606230273,32.455,48.25,28.250269
1606230274,32.45666666666666,48.25,28.250269
1606230275,32.458333333333336,48.25,28.250269
1606230276,32.46,48.25,28.250269
1606230277,32.461666666666666,48.0,28.286419
1606230278,32.46333333333333,47.75,26.488655
1606230279,32.465,47.75,26.488655
1606230280,32.46666666666667,47.5,27.58362
1606230281,32.468333333333334,47.5,27.58362
1606230282,32.47,47.25,28.174578
1606230283,32.471666666666664,47.25,28.174578
1606230284,32.473333333333336,47.0,28.816704
1606230285,32.475,47.0,28.816704
1606230286,32.47666666666667,47.0,28.816704
1606230287,32.47833333333333,47.0,28.816704
1606230288,32.48,47.0,28.816704
1606230289,32.48166666666667,47.0,28.816704
1606230290,32.483333333333334,47.0,28.816704
1606230291,32.485,47.5,27.58362
1606230292,32.486666666666665,47.5,27.58362
1606230293,32.48833333333333,47.75,26.488655
1606230294,32.49,48.0,28.286419
1606230295,32.49166666666667,48.0,28.286419
1606230296,32.49333333333333,47.75,26.488655
1606230297,32.495,48.0,28.286419
1606230298,32.49666666666667,48.0,28.286419
1606230299,32.498333333333335,48.0,28.286419
1606230300,32.5,48.0,28.286419
1606230301,32.501666666666665,47.75,26.488655
1606230302,32.50333333333333,47.5,27.58362
1606230303,32.505,47.5,27.58362
1606230304,32.50666666666667,47.5,27.58362
1606230305,32.50833333333333,47.75,26.488655
1606230306,32.51,47.5,27.58362
1606230307,32.51166666666666,47.5,27.58362
1606230308,32.513333333333335,47.5,27.58362
1606230309,32.515,47.25,28.174578
1606230310,32.516666666666666,47.25,28.174578
1606230311,32.51833333333333,47.75,26.488655
1606230312,32.52,47.75,26.488655
1606230313,32.52166666666667,48.0,28.286419
1606230314,32.52333333333333,48.0,28.286419
1606230315,32.525,48.0,28.286419
1606230316,32.526666666666664,48.25,28.250269
1606230317,32.528333333333336,48.5,30.459234
1606230318,32.53,48.75,32.287636
1606230319,32.531666666666666,48.75,32.287636
1606230320,32.53333333333333,48.25,28.250269
1606230321,32.535,48.25,28.250269
1606230322,32.53666666666667,47.75,26.488655
1606230323,32.538333333333334,47.75,26.488655
1606230324,32.54,47.75,26.488655
1606230325,32.541666666666664,47.5,27.58362
1606230326,32.54333333333334,47.5,27.58362
1606230327,32.545,47.5,27.58362
1606230328,32.54666666666667,47.25,28.174578
1606230329,32.54833333333333,47.0,28.816704
1606230330,32.55,47.0,28.816704
1606230331,32.55166666666667,47.25,28.174578
1606230332,32.553333333333335,47.25,28.174578
1606230333,32.555,47.25,28.174578
1606230334,32.556666666666665,48.0,28.286419
1606230335,32.55833333333333,48.25,28.250269
1606230336,32.56,48.25,28.250269
1606230337,32.56166666666667,48.25,28.250269
1606230338,32.56333333333333,48.75,32.287636
1606230339,32.565,48.75,32.287636
1606230340,32.56666666666667,49.0,33.53413
1606230341,32.568333333333335,49.5,33.340687
1606230342,32.57,49.25,32.610374
1606230343,32.571666666666665,49.25,32.610374
1606230344,32.57333333333333,49.25,32.610374
1606230345,32.575,49.25,32.610374
1606230346,32.57666666666667,49.0,33.53413
1606230347,32.57833333333333,48.75,32.287636
1606230348,32.58,48.75,32.287636
1606230349,32.58166666666666,48.75,32.287636
1606230350,32.583333333333336,48.75,32.287636
1606230351,32.585,48.5,30.459234
1606230352,32.586666666666666,48.5,30.459234
1606230353,32.58833333333333,48.5,30.459234
1606230354,32.59,48.25,28.250269
1606230355,32.59166666666667,48.25,28.250269
1606230356,32.593333333333334,48.75,32.287636
1606230357,32.595,48.75,32.287636
1606230358,32.596666666666664,48.5,30.459234
1606230359,32.598333333333336,48.75,32.287636
1606230360,32.6,48.75,32.287636
1606230361,32.60166666666667,49.0,33.53413
1606230362,32.60333333333333,49.5,33.340687
1606230363,32.605,49.5,33.340687
1606230364,32.60666666666667,49.25,32.610374
1606230365,32.608333333333334,49.25,32.610374
1606230366,32.61,49.0,33.53413
1606230367,32.611666666666665,48.75,32.287636
1606230368,32.61333333333333,48.5,30.459234
1606230369,32.615,48.5,30.459234
1606230370,32.61666666666667,48.0,28.286419
1606230371,32.61833333333333,48.0,28.286419
1606230372,32.62,48.0,28.286419
1606230373,32.62166666666667,47.75,26.488655
1606230374,32.623333333333335,48.0,28.286419
1606230375,32.625,48.0,28.286419
1606230376,32.626666666666665,48.0,28.286419
1606230377,32.62833333333333,48.0,28.286419
1606230378,32.63,48.0,28.286419
1606230379,32.63166666666667,48.0,28.286419
1606230380,32.63333333333333,48.25,28.250269
1606230381,32.635,48.75,32.287636
1606230382,32.63666666666666,48.75,32.287636
1606230383,32.638333333333335,48.5,30.459234
1606230384,32.64,48.5,30.459234
1606230385,32.641666666666666,48.75,32.287636
1606230386,32.64333333333333,48.75,32.287636
1606230387,32.645,48.75,32.287636
1606230388,32.64666666666667,48.5,30.459234
1606230389,32.64833333333333,49.0,33.53413
1606230390,32.65,49.0,33.53413
1606230391,32.651666666666664,49.0,33.53413
1606230392,32.653333333333336,49.0,33.53413
1606230393,32.655,49.0,33.53413
1606230394,32.656666666666666,49.0,33.53413
1606230395,32.65833333333333,48.75,32.287636
1606230396,32.66,48.5,30.459234
1606230397,32.66166666666667,48.25,28.250269
1606230398,32.663333333333334,48.0,28.286419
1606230399,32.665,47.75,26.488655
1606230400,32.666666666666664,47.25,28.174578
1606230401,32.66833333333334,47.5,27.58362
1606230402,32.67,47.25,28.174578
1606230403,32.67166666666667,47.25,28.174578
1606230404,32.67333333333333,47.25,28.174578
1606230405,32.675,47.0,28.816704
1606230406,32.67666666666667,47.0,28.816704
1606230407,32.678333333333335,47.0,28.816704
1606230408,32.68,47.5,27.58362
1606230409,32.681666666666665,47.5,27.58362
1606230410,32.68333333333333,47.5,27.58362
1606230411,32.685,48.0,28.286419
1606230412,32.68666666666667,48.25,28.250269
1606230413,32.68833333333333,48.25,28.250269
1606230414,32.69,48.5,30.459234
1606230415,32.69166666666667,48.75,32.287636
1606230416,32.693333333333335,49.0,33.53413
1606230417,32.695,49.0,33.53413
1606230418,32.696666666666665,49.0,33.53413
1606230419,32.69833333333333,49.0,33.53413
1606230420,32.7,49.25,32.610374
1606230421,32.70166666666667,49.25,32.610374
1606230422,32.70333333333333,49.25,32.610374
1606230423,32.705,49.25,32.610374
1606230424,32.70666666666666,49.25,32.610374
1606230425,32.708333333333336,49.0,33.53413
1606230426,32.71,49.25,32.610374
1606230427,32.711666666666666,49.25,32.610374
1606230428,32.71333333333333,48.75,32.287636
1606230429,32.715,49.0,33.53413
1606230430,32.71666666666667,49.0,33.53413
1606230431,32.718333333333334,48.75,32.287636
1606230432,32.72,48.75,32.287636
1606230433,32.721666666666664,48.5,30.459234
1606230434,32.723333333333336,48.25,28.250269
1606230435,32.725,48.25,28.250269
1606230436,32.72666666666667,48.0,28.286419
1606230437,32.72833333333333,48.0,28.286419
1606230438,32.73,48.75,32.287636
1606230439,32.73166666666667,48.75,32.287636
1606230440,32.733333333333334,48.5,30.459234
1606230441,32.735,48.5,30.459234
1606230442,32.736666666666665,48.0,28.286419
1606230443,32.73833333333333,47.75,26.488655
1606230444,32.74,47.75,26.488655
1606230445,32.74166666666667,47.75,26.488655
1606230446,32.74333333333333,47.75,26.488655
1606230447,32.745,47.75,26.488655
1606230448,32.74666666666667,47.75,26.488655
1606230449,32.748333333333335,47.75,26.488655
1606230450,32.75,47.75,26.488655
1606230451,32.751666666666665,47.75,26.488655
1606230452,32.75333333333333,47.75,26.488655
1606230453,32.755,47.75,26.488655
1606230454,32.75666666666667,47.75,26.488655
1606230455,32.75833333333333,47.25,28.174578
1606230456,32.76,47.25,28.174578
1606230457,32.76166666666666,47.5,27.58362
1606230458,32.763333333333335,47.0,28.816704
1606230459,32.765,47.0,28.816704
1606230460,32.766666666666666,46.75,29.43132
1606230461,32.76833333333333,46.75,29.43132
1606230462,32.77,46.75,29.43132
1606230463,32.77166666666667,46.75,29.43132
1606230464,32.77333333333333,46.5,29.275517
1606230465,32.775,46.5,29.275517
1606230466,32.776666666666664,46.5,29.275517
1606230467,32.778333333333336,46.75,29.43132
1606230468,32.78,46.75,29.43132
1606230469,32.781666666666666,46.75,29.43132
1606230470,32.78333333333333,46.75,29.43132
1606230471,32.785,47.0,28.816704
1606230472,32.78666666666667,47.0,28.816704
1606230473,32.788333333333334,47.25,28.174578
1606230474,32.79,47.5,27.58362
1606230475,32.791666666666664,47.75,26.488655
1606230476,32.79333333333334,47.75,26.488655
1606230477,32.795,47.75,26.488655
1606230478,32.79666666666667,47.5,27.58362
1606230479,32.79833333333333,47.5,27.58362
1606230480,32.8,47.75,26.488655
1606230481,32.80166666666667,47.75,26.488655
1606230482,32.803333333333335,47.75,26.488655
1606230483,32.805,48.0,28.286419
1606230484,32.806666666666665,48.0,28.286419
1606230485,32.80833333333333,48.0,28.286419
1606230486,32.81,48.0,28.286419
1606230487,32.81166666666667,48.25,28.250269
1606230488,32.81333333333333,48.25,28.250269
1606230489,32.815,48.25,28.250269
1606230490,32.81666666666667,48.25,28.250269
1606230491,32.818333333333335,48.25,28.250269
1606230492,32.82,48.5,30.459234
1606230493,32.821666666666665,48.5,30.459234
1606230494,32.82333333333333,48.5,30.459234
1606230495,32.825,48.5,30.459234
1606230496,32.82666666666667,48.5,30.459234
1606230497,32.82833333333333,48.5,30.459234
1606230498,32.83,48.5,30.459234
1606230499,32.83166666666666,48.5,30.459234
1606230500,32.833333333333336,48.5,30.459234
1606230501,32.835,48.75,32.287636
1606230502,32.836666666666666,48.75,32.287636
1606230503,32.83833333333333,48.75,32.287636
1606230504,32.84,49.0,33.53413
1606230505,32.84166666666667,48.75,32.287636
1606230506,32.843333333333334,48.75,32.287636
1606230507,32.845,48.75,32.287636
1606230508,32.846666666666664,48.75,32.287636
1606230509,32.848333333333336,48.5,30.459234
1606230510,32.85,48.5,30.459234
1606230511,32.85166666666667,48.5,30.459234
1606230512,32.85333333333333,48.75,32.287636
1606230513,32.855,48.5,30.459234
1606230514,32.85666666666667,48.5,30.459234
1606230515,32.858333333333334,48.5,30.459234
1606230516,32.86,48.5,30.459234
1606230517,32.861666666666665,48.25,28.250269
1606230518,32.86333333333333,48.25,28.250269
1606230519,32.865,48.25,28.250269
1606230520,32.86666666666667,48.5,30.459234
1606230521,32.86833333333333,48.5,30.459234
1606230522,32.87,48.5,30.459234
1606230523,32.87166666666667,48.25,28.250269
1606230524,32.873333333333335,48.5,30.459234
1606230525,32.875,48.75,32.287636
1606230526,32.876666666666665,48.5,30.459234
1606230527,32.87833333333333,48.75,32.287636
1606230528,32.88,48.75,32.287636
1606230529,32.88166666666667,49.25,32.610374
1606230530,32.88333333333333,49.5,33.340687
1606230531,32.885,49.75,34.11215
1606230532,32.88666666666666,49.75,34.11215
1606230533,32.888333333333335,50.5,37.024837
1606230534,32.89,50.5,37.024837
1606230535,32.891666666666666,50.5,37.024837
1606230536,32.89333333333333,50.5,37.024837
1606230537,32.895,50.5,37.024837
1606230538,32.89666666666667,50.5,37.024837
1606230539,32.89833333333333,50.25,35.787773
1606230540,32.9,50.0,34.11215
1606230541,32.901666666666664,50.0,34.11215
1606230542,32.903333333333336,49.5,33.340687
1606230543,32.905,49.0,33.53413
1606230544,32.906666666666666,49.25,32.610374
1606230545,32.90833333333333,49.0,33.53413
1606230546,32.91,49.0,33.53413
1606230547,32.91166666666667,48.5,30.459234
1606230548,32.913333333333334,48.0,28.286419
1606230549,32.915,48.0,28.286419
1606230550,32.916666666666664,48.25,28.250269
1606230551,32.91833333333334,48.5,30.459234
1606230552,32.92,48.5,30.459234
1606230553,32.92166666666667,48.5,30.459234
1606230554,32.92333333333333,49.0,33.53413
1606230555,32.925,49.0,33.53413
1606230556,32.92666666666667,49.0,33.53413
1606230557,32.928333333333335,49.0,33.53413
1606230558,32.93,49.25,32.610374
1606230559,32.931666666666665,49.5,33.340687
1606230560,32.93333333333333,49.5,33.340687
1606230561,32.935,49.75,34.11215
1606230562,32.93666666666667,49.75,34.11215
1606230563,32.93833333333333,49.75,34.11215
1606230564,32.94,49.25,32.610374
1606230565,32.94166666666667,49.25,32.610374
1606230566,32.943333333333335,49.25,32.610374
1606230567,32.945,49.25,32.610374
1606230568,32.946666666666665,49.0,33.53413
1606230569,32.94833333333333,49.0,33.53413
1606230570,32.95,48.5,30.459234
1606230571,32.95166666666667,48.5,30.459234
1606230572,32.95333333333333,48.5,30.459234
1606230573,32.955,48.5,30.459234
1606230574,32.95666666666666,48.75,32.287636
1606230575,32.958333333333336,48.75,32.287636
1606230576,32.96,48.75,32.287636
1606230577,32.961666666666666,49.0,33.53413
1606230578,32.96333333333333,49.0,33.53413
1606230579,32.965,49.25,32.610374
1606230580,32.96666666666667,49.5,33.340687
1606230581,32.968333333333334,49.5,33.340687
1606230582,32.97,49.5,33.340687
1606230583,32.971666666666664,50.0,34.11215
1606230584,32.973333333333336,49.75,34.11215
1606230585,32.975,49.75,34.11215
1606230586,32.97666666666667,49.75,34.11215
1606230587,32.97833333333333,49.5,33.340687
1606230588,32.98,49.75,34.11215
1606230589,32.98166666666667,49.75,34.11215
1606230590,32.983333333333334,50.0,34.11215
1606230591,32.985,50.25,35.787773
1606230592,32.986666666666665,50.25,35.787773
1606230593,32.98833333333333,50.25,35.787773
1606230594,32.99,50.0,34.11215
1606230595,32.99166666666667,49.75,34.11215
1606230596,32.99333333333333,49.75,34.11215
1606230597,32.995,49.5,33.340687
1606230598,32.99666666666667,49.5,33.340687
1606230599,32.998333333333335,49.25,32.610374
1606230600,33.0,49.0,33.53413
1606230601,33.001666666666665,49.0,33.53413
1606230602,33.00333333333333,49.0,33.53413
1606230603,33.005,48.75,32.287636
1606230604,33.00666666666667,48.5,30.459234
1606230605,33.00833333333333,48.75,32.287636
1606230606,33.01,48.5,30.459234
1606230607,33.01166666666667,48.75,32.287636
1606230608,33.013333333333335,48.75,32.287636
1606230609,33.015,49.25,32.610374
1606230610,33.016666666666666,49.5,33.340687
1606230611,33.01833333333333,49.75,34.11215
1606230612,33.02,50.25,35.787773
1606230613,33.02166666666667,50.5,37.024837
1606230614,33.02333333333333,50.25,35.787773
1606230615,33.025,50.5,37.024837
1606230616,33.026666666666664,50.5,37.024837
1606230617,33.028333333333336,50.75,37.024837
1606230618,33.03,50.25,35.787773
1606230619,33.031666666666666,50.25,35.787773
1606230620,33.03333333333333,50.0,34.11215
1606230621,33.035,49.5,33.340687
1606230622,33.03666666666667,49.25,32.610374
1606230623,33.038333333333334,49.0,33.53413
1606230624,33.04,48.5,30.459234
1606230625,33.041666666666664,48.5,30.459234
1606230626,33.04333333333334,48.5,30.459234
1606230627,33.045,48.75,32.287636
1606230628,33.04666666666667,48.75,32.287636
1606230629,33.04833333333333,48.75,32.287636
1606230630,33.05,49.0,33.53413
1606230631,33.05166666666667,49.25,32.610374
1606230632,33.053333333333335,49.75,34.11215
1606230633,33.055,50.0,34.11215
1606230634,33.056666666666665,50.5,37.024837
1606230635,33.05833333333333,50.5,37.024837
1606230636,33.06,50.5,37.024837
1606230637,33.06166666666667,50.5,37.024837
1606230638,33.06333333333333,50.5,37.024837
1606230639,33.065,50.25,35.787773
1606230640,33.06666666666667,50.0,34.11215
1606230641,33.068333333333335,49.75,34.11215
1606230642,33.07,49.75,34.11215
1606230643,33.071666666666665,49.75,34.11215
1606230644,33.07333333333333,49.75,34.11215
1606230645,33.075,49.5,33.340687
1606230646,33.07666666666667,49.5,33.340687
1606230647,33.07833333333333,49.5,33.340687
1606230648,33.08,49.44444444444444,32.610374
1606230649,33.08166666666666,49.388888888888886,32.610374
1606230650,33.083333333333336,49.33333333333333,32.610374
1606230651,33.085,49.27777777777777,32.610374
1606230652,33.086666666666666,49.22222222222223,33.53413
1606230653,33.08833333333333,49.16666666666667,33.53413
1606230654,33.09,49.111111111111114,33.53413
1606230655,33.09166666666667,49.05555555555556,33.53413
1606230656,33.093333333333334,49.0,33.53413
1606230657,33.095,49.25,32.610374
1606230658,33.096666666666664,49.25,32.610374
1606230659,33.098333333333336,49.0,33.53413
1606230660,33.1,49.25,32.610374
1606230661,33.10166666666667,49.25,32.610374
1606230662,33.10333333333333,49.75,34.11215
1606230663,33.105,49.75,34.11215
1606230664,33.10666666666667,49.5,33.340687
1606230665,33.108333333333334,49.5,33.340687
1606230666,33.11,49.5,33.340687
1606230667,33.111666666666665,49.25,32.610374
1606230668,33.11333333333333,49.0,33.53413
1606230669,33.115,49.25,32.610374
1606230670,33.11666666666667,49.0,33.53413
1606230671,33.11833333333333,49.25,32.610374
1606230672,33.12,49.0,33.53413
1606230673,33.12166666666667,49.0,33.53413
1606230674,33.123333333333335,49.0,33.53413
1606230675,33.125,48.75,32.287636
1606230676,33.126666666666665,48.75,32.287636
1606230677,33.12833333333333,49.25,32.610374
1606230678,33.13,49.0,33.53413
1606230679,33.13166666666667,49.0,33.53413
1606230680,33.13333333333333,48.5,30.459234
1606230681,33.135,48.75,32.287636
1606230682,33.13666666666666,49.0,33.53413
1606230683,33.138333333333335,49.25,32.610374
1606230684,33.14,49.25,32.610374
1606230685,33.141666666666666,49.5,33.340687
1606230686,33.14333333333333,49.5,33.340687
1606230687,33.145,50.0,34.11215
1606230688,33.14666666666667,50.0,34.11215
1606230689,33.14833333333333,50.0,34.11215
1606230690,33.15,50.0,34.11215
1606230691,33.151666666666664,50.25,35.787773
1606230692,33.153333333333336,50.25,35.787773
1606230693,33.155,49.75,34.11215
1606230694,33.156666666666666,49.75,34.11215
1606230695,33.15833333333333,49.5,33.340687
1606230696,33.16,49.0,33.53413
1606230697,33.16166666666667,49.0,33.53413
1606230698,33.163333333333334,48.5,30.459234
1606230699,33.165,48.25,28.250269
1606230700,33.166666666666664,48.0,28.286419
1606230701,33.16833333333334,48.0,28.286419
1606230702,33.17,48.0,28.286419
1606230703,33.17166666666667,48.25,28.250269
1606230704,33.17333333333333,48.25,28.250269
1606230705,33.175,49.0,33.53413
1606230706,33.17666666666667,49.25,32.610374
1606230707,33.178333333333335,50.75,37.024837
1606230708,33.18,51.75,37.82269
1606230709,33.181666666666665,52.0,38.152294
1606230710,33.18333333333333,54.5,34.444374
1606230711,33.185,56.25,32.82245
1606230712,33.18666666666667,57.75,33.655277
1606230713,33.18833333333333,59.25,35.804405
1606230714,33.19,60.5,36.956257
1606230715,33.19166666666667,61.0,36.906498
1606230716,33.193333333333335,61.5,35.857277
1606230717,33.195,61.75,36.676704
1606230718,33.196666666666665,61.5,35.857277
1606230719,33.19833333333333,61.0,36.906498
1606230720,33.2,60.0,37.756718
1606230721,33.20166666666667,59.25,35.804405
1606230722,33.20333333333333,58.25,35.804405
1606230723,33.205,57.0,33.655277
1606230724,33.20666666666666,56.25,32.82245
1606230725,33.208333333333336,55.5,33.061485
1606230726,33.21,54.75,33.36733
1606230727,33.211666666666666,54.25,34.36162
1606230728,33.21333333333333,54.0,35.91754
1606230729,33.215,53.75,35.89159
1606230730,33.21666666666667,54.0,35.91754
1606230731,33.218333333333334,53.75,35.89159
1606230732,33.22,54.0,35.91754
1606230733,33.221666666666664,54.0,35.91754
1606230734,33.223333333333336,54.25,34.36162
1606230735,33.225,54.25,34.36162
1606230736,33.22666666666667,54.25,34.36162
1606230737,33.22833333333333,54.75,33.36733
1606230738,33.23,54.25,34.36162
1606230739,33.23166666666667,54.25,34.36162
1606230740,33.233333333333334,53.75,35.89159
1606230741,33.235,53.75,35.89159
1606230742,33.236666666666665,53.5,36.762264
1606230743,33.23833333333333,52.75,37.578644
1606230744,33.24,52.25,38.098495
1606230745,33.24166666666667,51.25,37.05939
1606230746,33.24333333333333,51.0,37.23726
1606230747,33.245,50.5,37.024837
1606230748,33.24666666666667,50.0,34.11215
1606230749,33.248333333333335,49.75,34.11215
1606230750,33.25,49.25,32.610374
1606230751,33.251666666666665,49.0,33.53413
1606230752,33.25333333333333,49.25,32.610374
1606230753,33.255,49.25,32.610374
1606230754,33.25666666666667,49.25,32.610374
1606230755,33.25833333333333,49.75,34.11215
1606230756,33.26,49.75,34.11215
1606230757,33.26166666666666,49.75,34.11215
1606230758,33.263333333333335,49.75,34.11215
1606230759,33.265,50.25,35.787773
1606230760,33.266666666666666,50.5,37.024837
1606230761,33.26833333333333,50.25,35.787773
1606230762,33.27,50.0,34.11215
1606230763,33.27166666666667,50.25,35.787773
1606230764,33.27333333333333,50.25,35.787773
1606230765,33.275,50.0,34.11215
1606230766,33.276666666666664,49.75,34.11215
1606230767,33.278333333333336,49.75,34.11215
1606230768,33.28,49.75,34.11215
1606230769,33.281666666666666,49.75,34.11215
1606230770,33.28333333333333,49.5,33.340687
1606230771,33.285,49.75,34.11215
1606230772,33.28666666666667,49.75,34.11215
1606230773,33.288333333333334,49.75,34.11215
1606230774,33.29,50.0,34.11215
1606230775,33.291666666666664,50.0,34.11215
1606230776,33.29333333333334,50.0,34.11215
1606230777,33.295,50.0,34.11215
1606230778,33.29666666666667,50.25,35.787773
1606230779,33.29833333333333,50.25,35.787773
1606230780,33.3,50.25,35.787773
1606230781,33.30166666666667,50.0,34.11215
1606230782,33.303333333333335,50.0,34.11215
1606230783,33.305,49.5,33.340687
1606230784,33.306666666666665,49.25,32.610374
1606230785,33.30833333333333,49.25,32.610374
1606230786,33.31,49.25,32.610374
1606230787,33.31166666666667,49.0,33.53413
1606230788,33.31333333333333,48.5,30.459234
1606230789,33.315,48.5,30.459234
1606230790,33.31666666666667,48.25,28.250269
1606230791,33.318333333333335,48.25,28.250269
1606230792,33.32,48.25,28.250269
1606230793,33.321666666666665,48.0,28.286419
1606230794,33.32333333333333,48.25,28.250269
1606230795,33.325,48.0,28.286419
1606230796,33.32666666666667,48.0,28.286419
1606230797,33.32833333333333,48.0,28.286419
1606230798,33.33,48.0,28.286419
1606230799,33.33166666666666,47.75,26.488655
1606230800,33.333333333333336,47.75,26.488655
1606230801,33.335,47.5,27.58362
1606230802,33.336666666666666,47.5,27.58362
1606230803,33.33833333333333,47.25,28.174578
1606230804,33.34,47.25,28.174578
1606230805,33.34166666666667,47.25,28.174578
1606230806,33.343333333333334,47.25,28.174578
1606230807,33.345,47.25,28.174578
1606230808,33.346666666666664,47.5,27.58362
1606230809,33.348333333333336,47.5,27.58362
1606230810,33.35,47.75,26.488655
1606230811,33.35166666666667,47.75,26.488655
1606230812,33.35333333333333,47.75,26.488655
1606230813,33.355,48.25,28.250269
1606230814,33.35666666666667,48.5,30.459234
1606230815,33.358333333333334,48.75,32.287636
1606230816,33.36,48.5,30.459234
1606230817,33.361666666666665,48.25,28.250269
1606230818,33.36333333333333,48.5,30.459234
1606230819,33.365,48.5,30.459234
1606230820,33.36666666666667,48.5,30.459234
1606230821,33.36833333333333,48.25,28.250269
1606230822,33.37,48.25,28.250269
1606230823,33.37166666666667,48.0,28.286419
1606230824,33.373333333333335,48.0,28.286419
1606230825,33.375,48.0,28.286419
1606230826,33.376666666666665,48.0,28.286419
1606230827,33.37833333333333,48.0,28.286419
1606230828,33.38,48.0,28.286419
1606230829,33.38166666666667,48.0,28.286419
1606230830,33.38333333333333,48.5,30.459234
1606230831,33.385,48.25,28.250269
1606230832,33.38666666666666,48.25,28.250269
1606230833,33.388333333333335,48.5,30.459234
1606230834,33.39,48.25,28.250269
1606230835,33.391666666666666,48.25,28.250269
1606230836,33.39333333333333,48.25,28.250269
1606230837,33.395,48.0,28.286419
1606230838,33.39666666666667,47.75,26.488655
1606230839,33.39833333333333,47.75,26.488655
1606230840,33.4,47.75,26.488655
1606230841,33.401666666666664,47.5,27.58362
1606230842,33.403333333333336,47.5,27.58362
1606230843,33.405,47.75,26.488655
1606230844,33.406666666666666,47.5,27.58362
1606230845,33.40833333333333,47.5,27.58362
1606230846,33.41,47.5,27.58362
1606230847,33.41166666666667,48.0,28.286419
1606230848,33.413333333333334,48.25,28.250269
1606230849,33.415,48.27777777777778,28.250269
1606230850,33.416666666666664,48.30555555555556,28.250269
1606230851,33.41833333333334,48.333333333333336,28.250269
1606230852,33.42,48.361111111111114,28.250269
1606230853,33.42166666666667,48.388888888888886,28.250269
1606230854,33.42333333333333,48.416666666666664,28.250269
1606230855,33.425,48.44444444444444,28.250269
1606230856,33.42666666666667,48.47222222222222,28.250269
1606230857,33.428333333333335,48.5,30.459234
1606230858,33.43,48.75,32.287636
1606230859,33.431666666666665,48.75,32.287636
1606230860,33.43333333333333,48.5,30.459234
1606230861,33.435,48.5,30.459234
1606230862,33.43666666666667,48.25,28.250269
1606230863,33.43833333333333,48.5,30.459234
1606230864,33.44,48.25,28.250269
1606230865,33.44166666666667,48.0,28.286419
1606230866,33.443333333333335,47.5,27.58362
1606230867,33.445,47.5,27.58362
1606230868,33.446666666666665,47.25,28.174578
1606230869,33.44833333333333,47.0,28.816704
1606230870,33.45,47.0,28.816704
1606230871,33.45166666666667,47.25,28.174578
1606230872,33.45333333333333,47.5,27.58362
1606230873,33.455,47.75,26.488655
1606230874,33.45666666666666,47.75,26.488655
1606230875,33.458333333333336,47.75,26.488655
1606230876,33.46,47.75,26.488655
1606230877,33.461666666666666,48.0,28.286419
1606230878,33.46333333333333,48.0,28.286419
1606230879,33.465,48.0,28.286419
1606230880,33.46666666666667,48.0,28.286419
1606230881,33.468333333333334,48.25,28.250269
1606230882,33.47,48.25,28.250269
1606230883,33.471666666666664,48.25,28.250269
1606230884,33.473333333333336,48.0,28.286419
1606230885,33.475,48.5,30.459234
1606230886,33.47666666666667,48.5,30.459234
1606230887,33.47833333333333,48.25,28.250269
1606230888,33.48,48.5,30.459234
1606230889,33.48166666666667,48.75,32.287636
1606230890,33.483333333333334,48.75,32.287636
1606230891,33.485,48.75,32.287636
1606230892,33.486666666666665,48.75,32.287636
1606230893,33.48833333333333,49.0,33.53413
1606230894,33.49,49.0,33.53413
1606230895,33.49166666666667,48.75,32.287636
1606230896,33.49333333333333,49.25,32.610374
1606230897,33.495,49.0,33.53413
1606230898,33.49666666666667,49.25,32.610374
1606230899,33.498333333333335,49.25,32.610374
1606230900,33.5,49.25,32.610374
1606230901,33.501666666666665,49.0,33.53413
1606230902,33.50333333333333,49.0,33.53413
1606230903,33.505,49.0,33.53413
1606230904,33.50666666666667,48.5,30.459234
1606230905,33.50833333333333,48.75,32.287636
1606230906,33.51,48.5,30.459234
1606230907,33.51166666666666,48.25,28.250269
1606230908,33.513333333333335,48.5,30.459234
1606230909,33.515,48.5,30.459234
1606230910,33.516666666666666,48.25,28.250269
1606230911,33.51833333333333,48.25,28.250269
1606230912,33.52,48.25,28.250269
1606230913,33.52166666666667,48.0,28.286419
1606230914,33.52333333333333,48.0,28.286419
1606230915,33.525,48.25,28.250269
1606230916,33.526666666666664,48.0,28.286419
1606230917,33.528333333333336,48.0,28.286419
1606230918,33.53,48.25,28.250269
1606230919,33.531666666666666,48.25,28.250269
1606230920,33.53333333333333,48.0,28.286419
1606230921,33.535,48.75,32.287636
1606230922,33.53666666666667,49.0,33.53413
1606230923,33.538333333333334,48.25,28.250269
1606230924,33.54,48.25,28.250269
1606230925,33.541666666666664,48.5,30.459234
1606230926,33.54333333333334,48.0,28.286419
1606230927,33.545,48.0,28.286419
1606230928,33.54666666666667,48.0,28.286419
1606230929,33.54833333333333,48.0,28.286419
1606230930,33.55,48.25,28.250269
1606230931,33.55166666666667,48.5,30.459234
1606230932,33.553333333333335,48.75,32.287636
1606230933,33.555,48.5,30.459234
1606230934,33.556666666666665,49.0,33.53413
1606230935,33.55833333333333,49.0,33.53413
1606230936,33.56,49.0,33.53413
1606230937,33.56166666666667,49.25,32.610374
1606230938,33.56333333333333,49.25,32.610374
1606230939,33.565,49.0,33.53413
1606230940,33.56666666666667,48.75,32.287636
1606230941,33.568333333333335,48.75,32.287636
1606230942,33.57,48.5,30.459234
1606230943,33.571666666666665,48.5,30.459234
1606230944,33.57333333333333,48.75,32.287636
1606230945,33.575,48.5,30.459234
1606230946,33.57666666666667,48.5,30.459234
1606230947,33.57833333333333,48.5,30.459234
1606230948,33.58,49.0,33.53413
1606230949,33.58166666666666,48.75,32.287636
1606230950,33.583333333333336,48.75,32.287636
1606230951,33.585,48.75,32.287636
1606230952,33.586666666666666,48.75,32.287636
1606230953,33.58833333333333,48.75,32.287636
1606230954,33.59,48.25,28.250269
1606230955,33.59166666666667,48.0,28.286419
1606230956,33.593333333333334,48.0,28.286419
1606230957,33.595,48.0,28.286419
1606230958,33.596666666666664,48.0,28.286419
1606230959,33.598333333333336,47.5,27.58362
1606230960,33.6,47.5,27.58362
1606230961,33.60166666666667,47.5,27.58362
1606230962,33.60333333333333,47.5,27.58362
1606230963,33.605,47.5,27.58362
1606230964,33.60666666666667,47.5,27.58362
1606230965,33.608333333333334,47.5,27.58362
1606230966,33.61,47.5,27.58362
1606230967,33.611666666666665,47.25,28.174578
1606230968,33.61333333333333,47.25,28.174578
1606230969,33.615,47.25,28.174578
1606230970,33.61666666666667,47.0,28.816704
1606230971,33.61833333333333,47.25,28.174578
1606230972,33.62,47.25,28.174578
1606230973,33.62166666666667,47.0,28.816704
1606230974,33.623333333333335,47.0,28.816704
1606230975,33.625,47.0,28.816704
1606230976,33.626666666666665,47.0,28.816704
1606230977,33.62833333333333,47.0,28.816704
1606230978,33.63,47.0,28.816704
1606230979,33.63166666666667,47.0,28.816704
1606230980,33.63333333333333,47.0,28.816704
1606230981,33.635,47.25,28.174578
1606230982,33.63666666666666,47.5,27.58362
1606230983,33.638333333333335,47.75,26.488655
1606230984,33.64,47.75,26.488655
1606230985,33.641666666666666,47.75,26.488655
1606230986,33.64333333333333,47.5,27.58362
1606230987,33.645,48.0,28.286419
1606230988,33.64666666666667,48.0,28.286419
1606230989,33.64833333333333,47.75,26.488655
1606230990,33.65,47.75,26.488655
1606230991,33.651666666666664,48.0,28.286419
1606230992,33.653333333333336,47.75,26.488655
1606230993,33.655,47.5,27.58362
1606230994,33.656666666666666,47.5,27.58362
1606230995,33.65833333333333,47.25,28.174578
1606230996,33.66,47.25,28.174578
1606230997,33.66166666666667,48.0,28.286419
1606230998,33.663333333333334,47.75,26.488655
1606230999,33.665,47.75,26.488655
1606231000,33.666666666666664,47.75,26.488655
1606231001,33.66833333333334,47.75,26.488655
1606231002,33.67,48.0,28.286419
1606231003,33.67166666666667,48.0,28.286419
1606231004,33.67333333333333,48.0,28.286419
1606231005,33.675,47.75,26.488655
1606231006,33.67666666666667,47.75,26.488655
1606231007,33.678333333333335,47.75,26.488655
1606231008,33.68,48.0,28.286419
1606231009,33.681666666666665,47.5,27.58362
1606231010,33.68333333333333,47.5,27.58362
1606231011,33.685,47.5,27.58362
1606231012,33.68666666666667,47.25,28.174578
1606231013,33.68833333333333,47.0,28.816704
1606231014,33.69,46.75,29.43132
1606231015,33.69166666666667,47.0,28.816704
1606231016,33.693333333333335,47.0,28.816704
1606231017,33.695,47.0,28.816704
1606231018,33.696666666666665,47.0,28.816704
1606231019,33.69833333333333,46.75,29.43132
1606231020,33.7,46.75,29.43132
1606231021,33.70166666666667,46.75,29.43132
1606231022,33.70333333333333,47.0,28.816704
1606231023,33.705,47.0,28.816704
1606231024,33.70666666666666,47.0,28.816704
1606231025,33.708333333333336,47.0,28.816704
1606231026,33.71,47.0,28.816704
1606231027,33.711666666666666,47.0,28.816704
1606231028,33.71333333333333,47.0,28.816704
1606231029,33.715,47.0,28.816704
1606231030,33.71666666666667,46.75,29.43132
1606231031,33.718333333333334,46.75,29.43132
1606231032,33.72,46.75,29.43132
1606231033,33.721666666666664,46.75,29.43132
1606231034,33.723333333333336,46.75,29.43132
1606231035,33.725,47.0,28.816704
1606231036,33.72666666666667,47.25,28.174578
1606231037,33.72833333333333,47.5,27.58362
1606231038,33.73,47.75,26.488655
1606231039,33.73166666666667,48.0,28.286419
1606231040,33.733333333333334,48.0,28.286419
1606231041,33.735,48.5,30.459234
1606231042,33.736666666666665,48.75,32.287636
1606231043,33.73833333333333,49.0,33.53413
1606231044,33.74,49.0,33.53413
1606231045,33.74166666666667,49.0,33.53413
1606231046,33.74333333333333,49.0,33.53413
1606231047,33.745,49.25,32.610374
1606231048,33.74666666666667,49.22222222222222,33.53413
1606231049,33.748333333333335,49.19444444444444,33.53413
1606231050,33.75,49.166666666666664,33.53413
1606231051,33.751666666666665,49.138888888888886,33.53413
1606231052,33.75333333333333,49.111111111111114,33.53413
1606231053,33.755,49.083333333333336,33.53413
1606231054,33.75666666666667,49.05555555555556,33.53413
1606231055,33.75833333333333,49.02777777777778,33.53413
1606231056,33.76,49.0,33.53413
1606231057,33.76166666666666,49.0,33.53413
1606231058,33.763333333333335,49.0,33.53413
1606231059,33.765,48.5,30.459234
1606231060,33.766666666666666,48.25,28.250269
1606231061,33.76833333333333,48.5,30.459234
1606231062,33.77,48.75,32.287636
1606231063,33.77166666666667,48.5,30.459234
1606231064,33.77333333333333,48.5,30.459234
1606231065,33.775,48.5,30.459234
1606231066,33.776666666666664,48.75,32.287636
1606231067,33.778333333333336,48.5,30.459234
1606231068,33.78,48.5,30.459234
1606231069,33.781666666666666,48.75,32.287636
1606231070,33.78333333333333,49.25,32.610374
1606231071,33.785,49.25,32.610374
1606231072,33.78666666666667,49.25,32.610374
1606231073,33.788333333333334,49.25,32.610374
1606231074,33.79,49.0,33.53413
1606231075,33.791666666666664,49.0,33.53413
1606231076,33.79333333333334,49.25,32.610374
1606231077,33.795,49.25,32.610374
1606231078,33.79666666666667,49.5,33.340687
1606231079,33.79833333333333,49.5,33.340687
1606231080,33.8,49.25,32.610374
1606231081,33.80166666666667,49.25,32.610374
1606231082,33.803333333333335,49.25,32.610374
1606231083,33.805,49.25,32.610374
1606231084,33.806666666666665,49.25,32.610374
1606231085,33.80833333333333,49.25,32.610374
1606231086,33.81,49.25,32.610374
1606231087,33.81166666666667,49.25,32.610374
1606231088,33.81333333333333,49.25,32.610374
1606231089,33.815,49.25,32.610374
1606231090,33.81666666666667,49.25,32.610374
1606231091,33.818333333333335,49.25,32.610374
1606231092,33.82,49.25,32.610374
1606231093,33.821666666666665,49.5,33.340687
1606231094,33.82333333333333,49.5,33.340687
1606231095,33.825,49.25,32.610374
1606231096,33.82666666666667,49.25,32.610374
1606231097,33.82833333333333,49.25,32.610374
1606231098,33.83,49.25,32.610374
1606231099,33.83166666666666,49.0,33.53413
1606231100,33.833333333333336,49.25,32.610374
1606231101,33.835,49.5,33.340687
1606231102,33.836666666666666,49.25,32.610374
1606231103,33.83833333333333,49.25,32.610374
1606231104,33.84,49.25,32.610374
1606231105,33.84166666666667,49.5,33.340687
1606231106,33.843333333333334,49.5,33.340687
1606231107,33.845,49.5,33.340687
1606231108,33.846666666666664,49.75,34.11215
1606231109,33.848333333333336,49.75,34.11215
1606231110,33.85,50.0,34.11215
1606231111,33.85166666666667,50.0,34.11215
1606231112,33.85333333333333,49.5,33.340687
1606231113,33.855,49.5,33.340687
1606231114,33.85666666666667,49.25,32.610374
1606231115,33.858333333333334,49.5,33.340687
1606231116,33.86,49.25,32.610374
1606231117,33.861666666666665,49.25,32.610374
1606231118,33.86333333333333,49.0,33.53413
1606231119,33.865,49.0,33.53413
1606231120,33.86666666666667,49.25,32.610374
1606231121,33.86833333333333,49.0,33.53413
1606231122,33.87,48.75,32.287636
1606231123,33.87166666666667,48.75,32.287636
1606231124,33.873333333333335,49.25,32.610374
1606231125,33.875,49.5,33.340687
1606231126,33.876666666666665,49.75,34.11215
1606231127,33.87833333333333,49.5,33.340687
1606231128,33.88,49.75,34.11215
1606231129,33.88166666666667,49.75,34.11215
1606231130,33.88333333333333,50.0,34.11215
1606231131,33.885,49.75,34.11215
1606231132,33.88666666666666,49.5,33.340687
1606231133,33.888333333333335,49.75,34.11215
1606231134,33.89,49.5,33.340687
1606231135,33.891666666666666,49.25,32.610374
1606231136,33.89333333333333,49.0,33.53413
1606231137,33.895,49.25,32.610374
1606231138,33.89666666666667,49.0,33.53413
1606231139,33.89833333333333,49.25,32.610374
1606231140,33.9,49.25,32.610374
1606231141,33.901666666666664,49.25,32.610374
1606231142,33.903333333333336,49.5,33.340687
1606231143,33.905,49.75,34.11215
1606231144,33.906666666666666,49.5,33.340687
1606231145,33.90833333333333,49.75,34.11215
1606231146,33.91,49.75,34.11215
1606231147,33.91166666666667,49.75,34.11215
1606231148,33.913333333333334,49.75,34.11215
1606231149,33.915,49.5,33.340687
1606231150,33.916666666666664,49.5,33.340687
1606231151,33.91833333333334,49.5,33.340687
1606231152,33.92,49.25,32.610374
1606231153,33.92166666666667,49.25,32.610374
1606231154,33.92333333333333,49.25,32.610374
1606231155,33.925,49.25,32.610374
1606231156,33.92666666666667,49.25,32.610374
1606231157,33.928333333333335,49.5,33.340687
1606231158,33.93,50.75,37.024837
1606231159,33.931666666666665,50.75,37.024837
1606231160,33.93333333333333,50.5,37.024837
1606231161,33.935,50.75,37.024837
1606231162,33.93666666666667,50.5,37.024837
1606231163,33.93833333333333,50.75,37.024837
1606231164,33.94,51.0,37.23726
1606231165,33.94166666666667,50.5,37.024837
1606231166,33.943333333333335,50.25,35.787773
1606231167,33.945,50.25,35.787773
1606231168,33.946666666666665,50.5,37.024837
1606231169,33.94833333333333,50.5,37.024837
1606231170,33.95,50.25,35.787773
1606231171,33.95166666666667,49.75,34.11215
1606231172,33.95333333333333,50.0,34.11215
1606231173,33.955,50.0,34.11215
1606231174,33.95666666666666,50.0,34.11215
1606231175,33.958333333333336,49.75,34.11215
1606231176,33.96,49.75,34.11215
1606231177,33.961666666666666,49.5,33.340687
1606231178,33.96333333333333,49.5,33.340687
1606231179,33.965,49.5,33.340687
1606231180,33.96666666666667,49.0,33.53413
1606231181,33.968333333333334,49.0,33.53413
1606231182,33.97,48.75,32.287636
1606231183,33.971666666666664,48.75,32.287636
1606231184,33.973333333333336,48.75,32.287636
1606231185,33.975,49.0,33.53413
1606231186,33.97666666666667,48.75,32.287636
1606231187,33.97833333333333,48.75,32.287636
1606231188,33.98,48.5,30.459234
1606231189,33.98166666666667,48.75,32.287636
1606231190,33.983333333333334,49.0,33.53413
1606231191,33.985,49.0,33.53413
1606231192,33.986666666666665,49.0,33.53413
1606231193,33.98833333333333,49.25,32.610374
1606231194,33.99,49.5,33.340687
1606231195,33.99166666666667,49.5,33.340687
1606231196,33.99333333333333,50.0,34.11215
1606231197,33.995,50.0,34.11215
1606231198,33.99666666666667,50.25,35.787773
1606231199,33.998333333333335,50.5,37.024837
1606231200,34.0,50.75,37.024837
1606231201,34.001666666666665,50.5,37.024837
1606231202,34.00333333333333,50.75,37.024837
1606231203,34.005,50.75,37.024837
1606231204,34.00666666666667,50.75,37.024837
1606231205,34.00833333333333,50.25,35.787773
1606231206,34.01,50.25,35.787773
1606231207,34.01166666666667,50.0,34.11215
1606231208,34.013333333333335,49.5,33.340687
1606231209,34.015,49.5,33.340687
1606231210,34.016666666666666,49.25,32.610374
1606231211,34.01833333333333,49.25,32.610374
1606231212,34.02,49.0,33.53413
1606231213,34.02166666666667,48.75,32.287636
1606231214,34.02333333333333,48.5,30.459234
1606231215,34.025,48.5,30.459234
1606231216,34.026666666666664,48.25,28.250269
1606231217,34.028333333333336,48.25,28.250269
1606231218,34.03,48.25,28.250269
1606231219,34.031666666666666,48.25,28.250269
1606231220,34.03333333333333,48.25,28.250269
1606231221,34.035,48.0,28.286419
1606231222,34.03666666666667,48.0,28.286419
1606231223,34.038333333333334,48.5,30.459234
1606231224,34.04,48.75,32.287636
1606231225,34.041666666666664,48.75,32.287636
1606231226,34.04333333333334,48.75,32.287636
1606231227,34.045,48.75,32.287636
1606231228,34.04666666666667,48.75,32.287636
1606231229,34.04833333333333,48.75,32.287636
1606231230,34.05,48.5,30.459234
1606231231,34.05166666666667,49.25,32.610374
1606231232,34.053333333333335,49.25,32.610374
1606231233,34.055,49.25,32.610374
1606231234,34.056666666666665,49.0,33.53413
1606231235,34.05833333333333,48.75,32.287636
1606231236,34.06,48.5,30.459234
1606231237,34.06166666666667,48.5,30.459234
1606231238,34.06333333333333,48.0,28.286419
1606231239,34.065,48.25,28.250269
1606231240,34.06666666666666,48.25,28.250269
1606231241,34.068333333333335,48.0,28.286419
1606231242,34.07,48.0,28.286419
1606231243,34.071666666666665,48.0,28.286419
1606231244,34.07333333333333,48.5,30.459234
1606231245,34.075,48.5,30.459234
1606231246,34.07666666666667,48.5,30.459234
1606231247,34.07833333333333,48.5,30.459234
1606231248,34.08,48.5,30.459234
1606231249,34.08166666666666,48.5,30.459234
1606231250,34.083333333333336,48.5,30.459234
1606231251,34.085,48.5,30.459234
1606231252,34.086666666666666,48.5,30.459234
1606231253,34.08833333333333,48.75,32.287636
1606231254,34.09,48.75,32.287636
1606231255,34.09166666666667,48.75,32.287636
1606231256,34.093333333333334,48.75,32.287636
1606231257,34.095,48.75,32.287636
1606231258,34.096666666666664,48.5,30.459234
1606231259,34.098333333333336,48.75,32.287636
1606231260,34.1,48.75,32.287636
1606231261,34.10166666666667,48.75,32.287636
1606231262,34.10333333333333,48.75,32.287636
1606231263,34.105,48.75,32.287636
1606231264,34.10666666666667,49.0,33.53413
1606231265,34.108333333333334,49.0,33.53413
1606231266,34.11,49.0,33.53413
1606231267,34.111666666666665,49.25,32.610374
1606231268,34.11333333333333,49.25,32.610374
1606231269,34.115,49.5,33.340687
1606231270,34.11666666666667,50.0,34.11215
1606231271,34.11833333333333,50.0,34.11215
1606231272,34.12,50.25,35.787773
1606231273,34.12166666666667,50.0,34.11215
1606231274,34.123333333333335,50.0,34.11215
1606231275,34.125,49.75,34.11215
1606231276,34.126666666666665,49.25,32.610374
1606231277,34.12833333333333,49.25,32.610374
1606231278,34.13,49.25,32.610374
1606231279,34.13166666666667,49.25,32.610374
1606231280,34.13333333333333,49.0,33.53413
1606231281,34.135,49.0,33.53413
1606231282,34.13666666666667,49.25,32.610374
1606231283,34.138333333333335,49.25,32.610374
1606231284,34.14,48.75,32.287636
1606231285,34.141666666666666,48.5,30.459234
1606231286,34.14333333333333,48.5,30.459234
1606231287,34.145,49.0,33.53413
1606231288,34.14666666666667,49.0,33.53413
1606231289,34.14833333333333,49.0,33.53413
1606231290,34.15,49.0,33.53413
1606231291,34.151666666666664,49.0,33.53413
1606231292,34.153333333333336,49.0,33.53413
1606231293,34.155,49.0,33.53413
1606231294,34.156666666666666,49.0,33.53413
1606231295,34.15833333333333,48.75,32.287636
1606231296,34.16,48.75,32.287636
1606231297,34.16166666666667,48.75,32.287636
1606231298,34.163333333333334,48.5,30.459234
1606231299,34.165,48.75,32.287636
1606231300,34.166666666666664,48.75,32.287636
1606231301,34.16833333333334,48.5,30.459234
1606231302,34.17,48.25,28.250269
1606231303,34.17166666666667,48.25,28.250269
1606231304,34.17333333333333,48.5,30.459234
1606231305,34.175,48.75,32.287636
1606231306,34.17666666666667,48.75,32.287636
1606231307,34.178333333333335,48.75,32.287636
1606231308,34.18,48.5,30.459234
1606231309,34.181666666666665,48.25,28.250269
1606231310,34.18333333333333,48.25,28.250269
1606231311,34.185,48.25,28.250269
1606231312,34.18666666666667,48.0,28.286419
1606231313,34.18833333333333,48.0,28.286419
1606231314,34.19,48.0,28.286419
1606231315,34.19166666666666,47.75,26.488655
1606231316,34.193333333333335,47.75,26.488655
1606231317,34.195,47.75,26.488655
1606231318,34.196666666666665,48.0,28.286419
1606231319,34.19833333333333,48.0,28.286419
1606231320,34.2,48.0,28.286419
1606231321,34.20166666666667,48.0,28.286419
1606231322,34.20333333333333,48.25,28.250269
1606231323,34.205,48.75,32.287636
1606231324,34.20666666666666,48.75,32.287636
1606231325,34.208333333333336,49.5,33.340687
1606231326,34.21,49.25,32.610374
1606231327,34.211666666666666,49.25,32.610374
1606231328,34.21333333333333,49.0,33.53413
1606231329,34.215,48.75,32.287636
1606231330,34.21666666666667,48.5,30.459234
1606231331,34.218333333333334,48.25,28.250269
1606231332,34.22,48.25,28.250269
1606231333,34.221666666666664,48.0,28.286419
1606231334,34.223333333333336,48.0,28.286419
1606231335,34.225,47.75,26.488655
1606231336,34.22666666666667,47.75,26.488655
1606231337,34.22833333333333,47.75,26.488655
1606231338,34.23,47.5,27.58362
1606231339,34.23166666666667,47.75,26.488655
1606231340,34.233333333333334,48.0,28.286419
1606231341,34.235,48.25,28.250269
1606231342,34.236666666666665,48.25,28.250269
1606231343,34.23833333333333,48.25,28.250269
1606231344,34.24,48.5,30.459234
1606231345,34.24166666666667,48.25,28.250269
1606231346,34.24333333333333,48.25,28.250269
1606231347,34.245,48.5,30.459234
1606231348,34.24666666666667,48.5,30.459234
1606231349,34.248333333333335,48.5,30.459234
1606231350,34.25,48.75,32.287636
1606231351,34.251666666666665,48.75,32.287636
1606231352,34.25333333333333,48.75,32.287636
1606231353,34.255,48.75,32.287636
1606231354,34.25666666666667,48.75,32.287636
1606231355,34.25833333333333,48.5,30.459234
1606231356,34.26,48.5,30.459234
1606231357,34.26166666666667,48.5,30.459234
1606231358,34.263333333333335,48.5,30.459234
1606231359,34.265,48.25,28.250269
1606231360,34.266666666666666,47.75,26.488655
1606231361,34.26833333333333,47.75,26.488655
1606231362,34.27,48.0,28.286419
1606231363,34.27166666666667,47.75,26.488655
1606231364,34.27333333333333,48.0,28.286419
1606231365,34.275,48.0,28.286419
1606231366,34.276666666666664,48.0,28.286419
1606231367,34.278333333333336,48.0,28.286419
1606231368,34.28,48.5,30.459234
1606231369,34.281666666666666,48.25,28.250269
1606231370,34.28333333333333,48.25,28.250269
1606231371,34.285,48.5,30.459234
1606231372,34.28666666666667,48.75,32.287636
1606231373,34.288333333333334,48.5,30.459234
1606231374,34.29,49.0,33.53413
1606231375,34.291666666666664,49.25,32.610374
1606231376,34.29333333333334,49.25,32.610374
1606231377,34.295,49.5,33.340687
1606231378,34.29666666666667,49.75,34.11215
1606231379,34.29833333333333,49.75,34.11215
1606231380,34.3,49.75,34.11215
1606231381,34.30166666666667,49.75,34.11215
1606231382,34.303333333333335,49.75,34.11215
1606231383,34.305,49.75,34.11215
1606231384,34.306666666666665,49.75,34.11215
1606231385,34.30833333333333,50.0,34.11215
1606231386,34.31,49.75,34.11215
1606231387,34.31166666666667,49.75,34.11215
1606231388,34.31333333333333,49.75,34.11215
1606231389,34.315,50.0,34.11215
1606231390,34.31666666666666,50.0,34.11215
1606231391,34.318333333333335,50.0,34.11215
1606231392,34.32,50.0,34.11215
1606231393,34.321666666666665,50.25,35.787773
1606231394,34.32333333333333,50.5,37.024837
1606231395,34.325,50.25,35.787773
1606231396,34.32666666666667,50.25,35.787773
1606231397,34.32833333333333,50.0,34.11215
1606231398,34.33,50.0,34.11215
1606231399,34.33166666666666,49.75,34.11215
1606231400,34.333333333333336,49.5,33.340687
1606231401,34.335,49.25,32.610374
1606231402,34.336666666666666,48.75,32.287636
1606231403,34.33833333333333,49.0,33.53413
1606231404,34.34,49.0,33.53413
1606231405,34.34166666666667,48.5,30.459234
1606231406,34.343333333333334,48.75,32.287636
1606231407,34.345,49.0,33.53413
1606231408,34.346666666666664,48.75,32.287636
1606231409,34.348333333333336,48.75,32.287636
1606231410,34.35,48.75,32.287636
1606231411,34.35166666666667,48.5,30.459234
1606231412,34.35333333333333,48.75,32.287636
1606231413,34.355,48.75,32.287636
1606231414,34.35666666666667,48.5,30.459234
1606231415,34.358333333333334,48.75,32.287636
1606231416,34.36,48.75,32.287636
1606231417,34.361666666666665,48.75,32.287636
1606231418,34.36333333333333,48.75,32.287636
1606231419,34.365,48.75,32.287636
1606231420,34.36666666666667,48.75,32.287636
1606231421,34.36833333333333,48.75,32.287636
1606231422,34.37,48.5,30.459234
1606231423,34.37166666666667,48.5,30.459234
1606231424,34.373333333333335,48.75,32.287636
1606231425,34.375,48.75,32.287636
1606231426,34.376666666666665,48.75,32.287636
1606231427,34.37833333333333,48.75,32.287636
1606231428,34.38,49.25,32.610374
1606231429,34.38166666666667,49.0,33.53413
1606231430,34.38333333333333,49.25,32.610374
1606231431,34.385,49.5,33.340687
1606231432,34.38666666666667,49.75,34.11215
1606231433,34.388333333333335,49.5,33.340687
1606231434,34.39,49.75,34.11215
1606231435,34.391666666666666,50.0,34.11215
1606231436,34.39333333333333,49.75,34.11215
1606231437,34.395,49.75,34.11215
1606231438,34.39666666666667,49.75,34.11215
1606231439,34.39833333333333,49.75,34.11215
1606231440,34.4,49.5,33.340687
1606231441,34.401666666666664,49.5,33.340687
1606231442,34.403333333333336,49.25,32.610374
1606231443,34.405,49.5,33.340687
1606231444,34.406666666666666,49.5,33.340687
1606231445,34.40833333333333,49.53125,33.340687
1606231446,34.41,49.5625,33.340687
1606231447,34.41166666666667,49.59375,33.340687
1606231448,34.413333333333334,49.625,33.340687
1606231449,34.415,49.65625,33.340687
1606231450,34.416666666666664,49.6875,33.340687
1606231451,34.41833333333334,49.71875,33.340687
1606231452,34.42,49.75,34.11215
1606231453,34.42166666666667,50.0,34.11215
1606231454,34.42333333333333,49.75,34.11215
1606231455,34.425,50.0,34.11215
1606231456,34.42666666666667,49.75,34.11215
1606231457,34.428333333333335,49.5,33.340687
1606231458,34.43,49.5,33.340687
1606231459,34.431666666666665,49.5,33.340687
1606231460,34.43333333333333,49.75,34.11215
1606231461,34.435,49.5,33.340687
1606231462,34.43666666666667,49.25,32.610374
1606231463,34.43833333333333,49.5,33.340687
1606231464,34.44,49.0,33.53413
1606231465,34.44166666666666,49.0,33.53413
1606231466,34.443333333333335,49.0,33.53413
1606231467,34.445,49.0,33.53413
1606231468,34.446666666666665,49.0,33.53413
1606231469,34.44833333333333,49.0,33.53413
1606231470,34.45,49.0,33.53413
1606231471,34.45166666666667,49.0,33.53413
1606231472,34.45333333333333,49.0,33.53413
1606231473,34.455,49.0,33.53413
1606231474,34.45666666666666,49.25,32.610374
1606231475,34.458333333333336,49.0,33.53413
1606231476,34.46,48.5,30.459234
1606231477,34.461666666666666,48.75,32.287636
1606231478,34.46333333333333,48.75,32.287636
1606231479,34.465,48.75,32.287636
1606231480,34.46666666666667,48.5,30.459234
1606231481,34.468333333333334,48.75,32.287636
1606231482,34.47,48.75,32.287636
1606231483,34.471666666666664,48.5,30.459234
1606231484,34.473333333333336,48.5,30.459234
1606231485,34.475,48.75,32.287636
1606231486,34.47666666666667,48.75,32.287636
1606231487,34.47833333333333,49.0,33.53413
1606231488,34.48,48.75,32.287636
1606231489,34.48166666666667,49.0,33.53413
1606231490,34.483333333333334,48.75,32.287636
1606231491,34.485,49.0,33.53413
1606231492,34.486666666666665,48.75,32.287636
1606231493,34.48833333333333,48.75,32.287636
1606231494,34.49,48.75,32.287636
1606231495,34.49166666666667,48.75,32.287636
1606231496,34.49333333333333,48.75,32.287636
1606231497,34.495,48.75,32.287636
1606231498,34.49666666666667,48.75,32.287636
1606231499,34.498333333333335,48.75,32.287636
1606231500,34.5,48.5,30.459234
1606231501,34.501666666666665,48.5,30.459234
1606231502,34.50333333333333,48.5,30.459234
1606231503,34.505,48.5,30.459234
1606231504,34.50666666666667,48.5,30.459234
1606231505,34.50833333333333,48.25,28.250269
1606231506,34.51,48.5,30.459234
1606231507,34.51166666666667,48.5,30.459234
1606231508,34.513333333333335,48.5,30.459234
1606231509,34.515,48.75,32.287636
1606231510,34.516666666666666,49.0,33.53413
1606231511,34.51833333333333,49.0,33.53413
1606231512,34.52,49.0,33.53413
1606231513,34.52166666666667,49.0,33.53413
1606231514,34.52333333333333,49.0,33.53413
1606231515,34.525,48.75,32.287636
1606231516,34.526666666666664,48.75,32.287636
1606231517,34.528333333333336,48.75,32.287636
1606231518,34.53,48.75,32.287636
1606231519,34.531666666666666,48.5,30.459234
1606231520,34.53333333333333,48.75,32.287636
1606231521,34.535,49.0,33.53413
1606231522,34.53666666666667,48.75,32.287636
1606231523,34.538333333333334,48.5,30.459234
1606231524,34.54,48.5,30.459234
1606231525,34.541666666666664,48.25,28.250269
1606231526,34.54333333333334,48.25,28.250269
1606231527,34.545,48.25,28.250269
1606231528,34.54666666666667,48.25,28.250269
1606231529,34.54833333333333,48.5,30.459234
1606231530,34.55,48.5,30.459234
1606231531,34.55166666666667,48.5,30.459234
1606231532,34.553333333333335,48.5,30.459234
1606231533,34.555,49.0,33.53413
1606231534,34.556666666666665,49.0,33.53413
1606231535,34.55833333333333,49.25,32.610374
1606231536,34.56,49.75,34.11215
1606231537,34.56166666666667,49.75,34.11215
1606231538,34.56333333333333,50.0,34.11215
1606231539,34.565,50.25,35.787773
1606231540,34.56666666666666,50.5,37.024837
1606231541,34.568333333333335,50.5,37.024837
1606231542,34.57,50.5,37.024837
1606231543,34.571666666666665,50.5,37.024837
1606231544,34.57333333333333,50.5,37.024837
1606231545,34.575,50.25,35.787773
1606231546,34.57666666666667,50.0,34.11215
1606231547,34.57833333333333,50.0,34.11215
1606231548,34.58,49.5,33.340687
1606231549,34.58166666666666,49.25,32.610374
1606231550,34.583333333333336,49.0,33.53413
1606231551,34.585,49.0,33.53413
1606231552,34.586666666666666,48.875,32.287636
1606231553,34.58833333333333,48.75,32.287636
1606231554,34.59,48.75,32.287636
1606231555,34.59166666666667,49.0,33.53413
1606231556,34.593333333333334,49.0,33.53413
1606231557,34.595,49.25,32.610374
1606231558,34.596666666666664,49.25,32.610374
1606231559,34.598333333333336,49.5,33.340687
1606231560,34.6,49.5,33.340687
1606231561,34.60166666666667,49.5,33.340687
1606231562,34.60333333333333,49.5,33.340687
1606231563,34.605,49.5,33.340687
1606231564,34.60666666666667,49.25,32.610374
1606231565,34.608333333333334,49.25,32.610374
1606231566,34.61,49.25,32.610374
1606231567,34.611666666666665,49.0,33.53413
1606231568,34.61333333333333,48.75,32.287636
1606231569,34.615,48.75,32.287636
1606231570,34.61666666666667,48.25,28.250269
1606231571,34.61833333333333,48.25,28.250269
1606231572,34.62,48.25,28.250269
1606231573,34.62166666666667,48.25,28.250269
1606231574,34.623333333333335,48.25,28.250269
1606231575,34.625,48.25,28.250269
1606231576,34.626666666666665,48.5,30.459234
1606231577,34.62833333333333,48.25,28.250269
1606231578,34.63,48.5,30.459234
1606231579,34.63166666666667,48.75,32.287636
1606231580,34.63333333333333,48.5,30.459234
1606231581,34.635,48.75,32.287636
1606231582,34.63666666666667,48.5,30.459234
1606231583,34.638333333333335,48.75,32.287636
1606231584,34.64,48.75,32.287636
1606231585,34.641666666666666,49.0,33.53413
1606231586,34.64333333333333,49.0,33.53413
1606231587,34.645,49.0,33.53413
1606231588,34.64666666666667,48.75,32.287636
1606231589,34.64833333333333,48.75,32.287636
1606231590,34.65,48.75,32.287636
1606231591,34.651666666666664,48.75,32.287636
1606231592,34.653333333333336,49.0,33.53413
1606231593,34.655,49.0,33.53413
1606231594,34.656666666666666,48.75,32.287636
1606231595,34.65833333333333,49.0,33.53413
1606231596,34.66,48.75,32.287636
1606231597,34.66166666666667,48.75,32.287636
1606231598,34.663333333333334,48.75,32.287636
1606231599,34.665,49.0,33.53413
1606231600,34.666666666666664,49.0,33.53413
1606231601,34.66833333333334,48.75,32.287636
1606231602,34.67,48.75,32.287636
1606231603,34.67166666666667,49.0,33.53413
1606231604,34.67333333333333,49.0,33.53413
1606231605,34.675,49.25,32.610374
1606231606,34.67666666666667,49.25,32.610374
1606231607,34.678333333333335,49.5,33.340687
1606231608,34.68,49.5,33.340687
1606231609,34.681666666666665,49.5,33.340687
1606231610,34.68333333333333,49.5,33.340687
1606231611,34.685,49.5,33.340687
1606231612,34.68666666666667,49.5,33.340687
1606231613,34.68833333333333,49.25,32.610374
1606231614,34.69,49.25,32.610374
1606231615,34.69166666666666,48.75,32.287636
1606231616,34.693333333333335,48.25,28.250269
1606231617,34.695,48.0,28.286419
1606231618,34.696666666666665,48.0,28.286419
1606231619,34.69833333333333,47.5,27.58362
1606231620,34.7,47.75,26.488655
1606231621,34.70166666666667,48.0,28.286419
1606231622,34.70333333333333,48.0,28.286419
1606231623,34.705,48.25,28.250269
1606231624,34.70666666666666,48.25,28.250269
1606231625,34.708333333333336,48.25,28.250269
1606231626,34.71,48.25,28.250269
1606231627,34.711666666666666,48.25,28.250269
1606231628,34.71333333333333,48.25,28.250269
1606231629,34.715,48.5,30.459234
1606231630,34.71666666666667,48.5,30.459234
1606231631,34.718333333333334,48.25,28.250269
1606231632,34.72,48.0,28.286419
1606231633,34.721666666666664,48.0,28.286419
1606231634,34.723333333333336,48.25,28.250269
1606231635,34.725,48.0,28.286419
1606231636,34.72666666666667,48.0,28.286419
1606231637,34.72833333333333,47.75,26.488655
1606231638,34.73,48.0,28.286419
1606231639,34.73166666666667,48.0,28.286419
1606231640,34.733333333333334,48.25,28.250269
1606231641,34.735,48.28125,28.250269
1606231642,34.736666666666665,48.3125,28.250269
1606231643,34.73833333333333,48.34375,28.250269
1606231644,34.74,48.375,28.250269
1606231645,34.74166666666667,48.40625,28.250269
1606231646,34.74333333333333,48.4375,28.250269
1606231647,34.745,48.46875,28.250269
1606231648,34.74666666666667,48.5,30.459234
1606231649,34.748333333333335,48.5,30.459234
1606231650,34.75,48.5,30.459234
1606231651,34.751666666666665,48.75,32.287636
1606231652,34.75333333333333,49.0,33.53413
1606231653,34.755,49.0,33.53413
1606231654,34.75666666666667,48.75,32.287636
1606231655,34.75833333333333,49.0,33.53413
1606231656,34.76,48.75,32.287636
1606231657,34.76166666666667,48.5,30.459234
1606231658,34.763333333333335,49.0,33.53413
1606231659,34.765,48.75,32.287636
1606231660,34.766666666666666,48.75,32.287636
1606231661,34.76833333333333,48.75,32.287636
1606231662,34.77,49.25,32.610374
1606231663,34.77166666666667,49.25,32.610374
1606231664,34.77333333333333,49.25,32.610374
1606231665,34.775,49.5,33.340687
1606231666,34.776666666666664,49.5,33.340687
1606231667,34.778333333333336,49.75,34.11215
1606231668,34.78,50.0,34.11215
1606231669,34.781666666666666,50.0,34.11215
1606231670,34.78333333333333,50.0,34.11215
1606231671,34.785,50.0,34.11215
1606231672,34.78666666666667,50.25,35.787773
1606231673,34.788333333333334,50.25,35.787773
1606231674,34.79,50.0,34.11215
1606231675,34.791666666666664,50.0,34.11215
1606231676,34.79333333333334,50.0,34.11215
1606231677,34.795,50.0,34.11215
1606231678,34.79666666666667,49.75,34.11215
1606231679,34.79833333333333,49.75,34.11215
1606231680,34.8,49.75,34.11215
1606231681,34.80166666666667,49.75,34.11215
1606231682,34.803333333333335,49.75,34.11215
1606231683,34.805,49.75,34.11215
1606231684,34.806666666666665,50.25,35.787773
1606231685,34.80833333333333,50.5,37.024837
1606231686,34.81,50.0,34.11215
1606231687,34.81166666666667,50.0,34.11215
1606231688,34.81333333333333,50.5,37.024837
1606231689,34.815,50.5,37.024837
1606231690,34.81666666666666,50.5,37.024837
1606231691,34.818333333333335,50.5,37.024837
1606231692,34.82,50.5,37.024837
1606231693,34.821666666666665,50.25,35.787773
1606231694,34.82333333333333,50.25,35.787773
1606231695,34.825,50.0,34.11215
1606231696,34.82666666666667,50.0,34.11215
1606231697,34.82833333333333,50.0,34.11215
1606231698,34.83,49.75,34.11215
1606231699,34.83166666666666,49.75,34.11215
1606231700,34.833333333333336,50.0,34.11215
1606231701,34.835,49.75,34.11215
1606231702,34.836666666666666,50.0,34.11215
1606231703,34.83833333333333,50.0,34.11215
1606231704,34.84,50.0,34.11215
1606231705,34.84166666666667,50.25,35.787773
1606231706,34.843333333333334,50.25,35.787773
1606231707,34.845,50.25,35.787773
1606231708,34.846666666666664,50.5,37.024837
1606231709,34.848333333333336,50.5,37.024837
1606231710,34.85,51.25,37.05939
1606231711,34.85166666666667,51.0,37.23726
1606231712,34.85333333333333,51.0,37.23726
1606231713,34.855,51.25,37.05939
1606231714,34.85666666666667,51.0,37.23726
1606231715,34.858333333333334,50.75,37.024837
1606231716,34.86,50.75,37.024837
1606231717,34.861666666666665,50.25,35.787773
1606231718,34.86333333333333,50.25,35.787773
1606231719,34.865,50.0,34.11215
1606231720,34.86666666666667,49.75,34.11215
1606231721,34.86833333333333,49.5,33.340687
1606231722,34.87,49.5,33.340687
1606231723,34.87166666666667,49.25,32.610374
1606231724,34.873333333333335,48.75,32.287636
1606231725,34.875,48.5,30.459234
1606231726,34.876666666666665,48.5,30.459234
1606231727,34.87833333333333,48.25,28.250269
1606231728,34.88,48.0,28.286419
1606231729,34.88166666666667,48.25,28.250269
1606231730,34.88333333333333,48.0,28.286419
1606231731,34.885,48.25,28.250269
1606231732,34.88666666666667,48.25,28.250269
1606231733,34.888333333333335,48.5,30.459234
1606231734,34.89,48.5,30.459234
1606231735,34.891666666666666,49.0,33.53413
1606231736,34.89333333333333,49.25,32.610374
1606231737,34.895,49.5,33.340687
1606231738,34.89666666666667,49.5,33.340687
1606231739,34.89833333333333,50.0,34.11215
1606231740,34.9,50.5,37.024837
1606231741,34.901666666666664,50.25,35.787773
1606231742,34.903333333333336,50.25,35.787773
1606231743,34.905,50.25,35.787773
1606231744,34.906666666666666,50.5,37.024837
1606231745,34.90833333333333,50.75,37.024837
1606231746,34.91,50.5,37.024837
1606231747,34.91166666666667,50.5,37.024837
1606231748,34.913333333333334,50.5,37.024837
1606231749,34.915,50.25,35.787773
1606231750,34.916666666666664,50.5,37.024837
1606231751,34.91833333333334,50.25,35.787773
1606231752,34.92,50.25,35.787773
1606231753,34.92166666666667,50.0,34.11215
1606231754,34.92333333333333,49.75,34.11215
1606231755,34.925,49.5,33.340687
1606231756,34.92666666666667,49.5,33.340687
1606231757,34.928333333333335,49.25,32.610374
1606231758,34.93,49.25,32.610374
1606231759,34.931666666666665,49.25,32.610374
1606231760,34.93333333333333,49.0,33.53413
1606231761,34.935,49.0,33.53413
1606231762,34.93666666666667,49.0,33.53413
1606231763,34.93833333333333,48.75,32.287636
1606231764,34.94,49.0,33.53413
1606231765,34.94166666666666,49.0,33.53413
1606231766,34.943333333333335,48.75,32.287636
1606231767,34.945,48.75,32.287636
1606231768,34.946666666666665,48.75,32.287636
1606231769,34.94833333333333,49.0,33.53413
1606231770,34.95,49.25,32.610374
1606231771,34.95166666666667,49.25,32.610374
1606231772,34.95333333333333,49.5,33.340687
1606231773,34.955,49.5,33.340687
1606231774,34.95666666666666,49.5,33.340687
1606231775,34.958333333333336,49.75,34.11215
1606231776,34.96,49.75,34.11215
1606231777,34.961666666666666,49.75,34.11215
1606231778,34.96333333333333,49.5,33.340687
1606231779,34.965,49.5,33.340687
1606231780,34.96666666666667,49.5,33.340687
1606231781,34.968333333333334,49.5,33.340687
1606231782,34.97,49.25,32.610374
1606231783,34.971666666666664,49.25,32.610374
1606231784,34.973333333333336,49.25,32.610374
1606231785,34.975,49.0,33.53413
1606231786,34.97666666666667,49.0,33.53413
1606231787,34.97833333333333,49.0,33.53413
1606231788,34.98,49.0,33.53413
1606231789,34.98166666666667,49.0,33.53413
1606231790,34.983333333333334,49.0,33.53413
1606231791,34.985,49.25,32.610374
1606231792,34.986666666666665,49.0,33.53413
1606231793,34.98833333333333,48.75,32.287636
1606231794,34.99,48.5,30.459234
1606231795,34.99166666666667,48.5,30.459234
1606231796,34.99333333333333,49.0,33.53413
1606231797,34.995,49.0,33.53413
1606231798,34.99666666666667,49.0,33.53413
1606231799,34.998333333333335,49.25,32.610374
1606231800,35.0,49.0,33.53413
1606231801,35.001666666666665,49.0,33.53413
1606231802,35.00333333333333,49.0,33.53413
1606231803,35.005,49.25,32.610374
1606231804,35.00666666666667,49.25,32.610374
1606231805,35.00833333333333,49.25,32.610374
1606231806,35.01,49.5,33.340687
1606231807,35.01166666666666,49.5,33.340687
1606231808,35.013333333333335,49.5,33.340687
1606231809,35.015,49.5,33.340687
1606231810,35.016666666666666,49.5,33.340687
1606231811,35.01833333333333,49.5,33.340687
1606231812,35.02,49.5,33.340687
1606231813,35.02166666666667,49.75,34.11215
1606231814,35.02333333333333,49.75,34.11215
1606231815,35.025,49.75,34.11215
1606231816,35.026666666666664,49.75,34.11215
1606231817,35.028333333333336,50.0,34.11215
1606231818,35.03,50.0,34.11215
1606231819,35.031666666666666,50.0,34.11215
1606231820,35.03333333333333,50.25,35.787773
1606231821,35.035,50.25,35.787773
1606231822,35.03666666666667,50.0,34.11215
1606231823,35.038333333333334,50.25,35.787773
1606231824,35.04,50.25,35.787773
1606231825,35.041666666666664,50.5,37.024837
1606231826,35.04333333333334,50.25,35.787773
1606231827,35.045,50.25,35.787773
1606231828,35.04666666666667,50.0,34.11215
1606231829,35.04833333333333,50.0,34.11215
1606231830,35.05,50.25,35.787773
1606231831,35.05166666666667,50.25,35.787773
1606231832,35.053333333333335,50.75,37.024837
1606231833,35.055,51.0,37.23726
1606231834,35.056666666666665,51.25,37.05939
1606231835,35.05833333333333,51.0,37.23726
1606231836,35.06,51.25,37.05939
1606231837,35.06166666666667,51.25,37.05939
1606231838,35.06333333333333,51.30555555555556,37.05939
1606231839,35.065,51.361111111111114,37.82081
1606231840,35.06666666666666,51.41666666666667,37.82081
1606231841,35.068333333333335,51.47222222222223,37.82081
1606231842,35.07,51.52777777777777,37.646156
1606231843,35.071666666666665,51.58333333333333,37.646156
1606231844,35.07333333333333,51.638888888888886,37.646156
1606231845,35.075,51.69444444444444,37.646156
1606231846,35.07666666666667,51.75,37.82269
1606231847,35.07833333333333,51.75,37.82269
1606231848,35.08,51.75,37.82269
1606231849,35.08166666666666,51.5,37.646156
1606231850,35.083333333333336,51.5,37.646156
1606231851,35.085,51.25,37.05939
1606231852,35.086666666666666,51.0,37.23726
1606231853,35.08833333333333,51.0,37.23726
1606231854,35.09,51.25,37.05939
1606231855,35.09166666666667,51.25,37.05939
1606231856,35.093333333333334,50.75,37.024837
1606231857,35.095,50.75,37.024837
1606231858,35.096666666666664,50.75,37.024837
1606231859,35.098333333333336,50.75,37.024837
1606231860,35.1,50.25,35.787773
1606231861,35.10166666666667,50.25,35.787773
1606231862,35.10333333333333,50.5,37.024837
1606231863,35.105,50.5,37.024837
1606231864,35.10666666666667,50.5,37.024837
1606231865,35.108333333333334,50.75,37.024837
1606231866,35.11,50.5,37.024837
1606231867,35.111666666666665,50.5,37.024837
1606231868,35.11333333333333,50.25,35.787773
1606231869,35.115,50.25,35.787773
1606231870,35.11666666666667,50.75,37.024837
1606231871,35.11833333333333,50.5,37.024837
1606231872,35.12,50.5,37.024837
1606231873,35.12166666666667,50.25,35.787773
1606231874,35.123333333333335,50.25,35.787773
1606231875,35.125,50.25,35.787773
1606231876,35.126666666666665,50.0,34.11215
1606231877,35.12833333333333,50.0,34.11215
1606231878,35.13,49.75,34.11215
1606231879,35.13166666666667,49.75,34.11215
1606231880,35.13333333333333,49.25,32.610374
1606231881,35.135,49.5,33.340687
1606231882,35.13666666666666,50.25,35.787773
1606231883,35.138333333333335,50.5,37.024837
1606231884,35.14,50.25,35.787773
1606231885,35.141666666666666,50.5,37.024837
1606231886,35.14333333333333,50.75,37.024837
1606231887,35.145,50.25,35.787773
1606231888,35.14666666666667,50.5,37.024837
1606231889,35.14833333333333,50.5,37.024837
1606231890,35.15,50.5,37.024837
1606231891,35.151666666666664,50.75,37.024837
1606231892,35.153333333333336,51.0,37.23726
1606231893,35.155,51.0,37.23726
1606231894,35.156666666666666,50.75,37.024837
1606231895,35.15833333333333,51.0,37.23726
1606231896,35.16,51.25,37.05939
1606231897,35.16166666666667,51.0,37.23726
1606231898,35.163333333333334,50.5,37.024837
1606231899,35.165,50.5,37.024837
1606231900,35.166666666666664,50.75,37.024837
1606231901,35.16833333333334,50.75,37.024837
1606231902,35.17,50.75,37.024837
1606231903,35.17166666666667,51.25,37.05939
1606231904,35.17333333333333,51.25,37.05939
1606231905,35.175,51.0,37.23726
1606231906,35.17666666666667,51.5,37.646156
1606231907,35.178333333333335,51.75,37.82269
1606231908,35.18,52.25,38.098495
1606231909,35.181666666666665,51.75,37.82269
1606231910,35.18333333333333,52.0,38.152294
1606231911,35.185,52.25,38.098495
1606231912,35.18666666666667,52.25,38.098495
1606231913,35.18833333333333,52.0,38.152294
1606231914,35.19,52.0,38.152294
1606231915,35.19166666666666,51.75,37.82269
1606231916,35.193333333333335,51.75,37.82269
1606231917,35.195,51.75,37.82269
1606231918,35.196666666666665,51.5,37.646156
1606231919,35.19833333333333,51.75,37.82269
1606231920,35.2,51.75,37.82269
1606231921,35.20166666666667,51.75,37.82269
1606231922,35.20333333333333,51.5,37.646156
1606231923,35.205,51.5,37.646156
1606231924,35.20666666666666,52.0,38.152294
1606231925,35.208333333333336,51.75,37.82269
1606231926,35.21,51.75,37.82269
1606231927,35.211666666666666,51.5,37.646156
1606231928,35.21333333333333,51.5,37.646156
1606231929,35.215,51.25,37.05939
1606231930,35.21666666666667,51.0,37.23726
1606231931,35.218333333333334,50.75,37.024837
1606231932,35.22,50.75,37.024837
1606231933,35.221666666666664,50.75,37.024837
1606231934,35.223333333333336,50.5,37.024837
1606231935,35.225,50.5,37.024837
1606231936,35.22666666666667,50.25,35.787773
1606231937,35.22833333333333,50.0,34.11215
1606231938,35.23,50.25,35.787773
1606231939,35.23166666666667,49.75,34.11215
1606231940,35.233333333333334,49.75,34.11215
1606231941,35.235,49.75,34.11215
1606231942,35.236666666666665,50.5,37.024837
1606231943,35.23833333333333,50.5,37.024837
1606231944,35.24,50.0,34.11215
1606231945,35.24166666666667,50.5,37.024837
1606231946,35.24333333333333,50.5,37.024837
1606231947,35.245,50.5,37.024837
1606231948,35.24666666666667,50.5,37.024837
1606231949,35.248333333333335,50.5,37.024837
1606231950,35.25,50.25,35.787773
1606231951,35.251666666666665,50.5,37.024837
1606231952,35.25333333333333,50.75,37.024837
1606231953,35.255,50.25,35.787773
1606231954,35.25666666666667,50.5,37.024837
1606231955,35.25833333333333,50.5,37.024837
1606231956,35.26,50.5,37.024837
1606231957,35.26166666666666,51.0,37.23726
1606231958,35.263333333333335,51.0,37.23726
1606231959,35.265,51.0,37.23726
1606231960,35.266666666666666,50.75,37.024837
1606231961,35.26833333333333,51.0,37.23726
1606231962,35.27,51.25,37.05939
1606231963,35.27166666666667,51.25,37.05939
1606231964,35.27333333333333,51.25,37.05939
1606231965,35.275,51.0,37.23726
1606231966,35.276666666666664,50.75,37.024837
1606231967,35.278333333333336,50.75,37.024837
1606231968,35.28,50.5,37.024837
1606231969,35.281666666666666,50.0,34.11215
1606231970,35.28333333333333,50.0,34.11215
1606231971,35.285,49.75,34.11215
1606231972,35.28666666666667,49.75,34.11215
1606231973,35.288333333333334,49.5,33.340687
1606231974,35.29,49.5,33.340687
1606231975,35.291666666666664,49.25,32.610374
1606231976,35.29333333333334,49.0,33.53413
1606231977,35.295,49.0,33.53413
1606231978,35.29666666666667,49.0,33.53413
1606231979,35.29833333333333,49.25,32.610374
1606231980,35.3,49.25,32.610374
1606231981,35.30166666666667,49.0,33.53413
1606231982,35.303333333333335,49.0,33.53413
1606231983,35.305,49.0,33.53413
1606231984,35.306666666666665,49.25,32.610374
1606231985,35.30833333333333,49.25,32.610374
1606231986,35.31,49.75,34.11215
1606231987,35.31166666666667,50.0,34.11215
1606231988,35.31333333333333,50.0,34.11215
1606231989,35.315,50.0,34.11215
1606231990,35.31666666666666,50.25,35.787773
1606231991,35.318333333333335,50.25,35.787773
1606231992,35.32,50.75,37.024837
1606231993,35.321666666666665,50.5,37.024837
1606231994,35.32333333333333,50.5,37.024837
1606231995,35.325,50.25,35.787773
1606231996,35.32666666666667,50.25,35.787773
1606231997,35.32833333333333,50.5,37.024837
1606231998,35.33,50.75,37.024837
1606231999,35.33166666666666,50.75,37.024837
1606232000,35.333333333333336,50.5,37.024837
1606232001,35.335,50.5,37.024837
1606232002,35.336666666666666,50.5,37.024837
1606232003,35.33833333333333,50.5,37.024837
1606232004,35.34,51.0,37.23726
1606232005,35.34166666666667,51.0,37.23726
1606232006,35.343333333333334,50.75,37.024837
1606232007,35.345,50.5,37.024837
1606232008,35.346666666666664,50.5,37.024837
1606232009,35.348333333333336,50.5,37.024837
1606232010,35.35,50.5,37.024837
1606232011,35.35166666666667,50.75,37.024837
1606232012,35.35333333333333,50.75,37.024837
1606232013,35.355,51.0,37.23726
1606232014,35.35666666666667,50.75,37.024837
1606232015,35.358333333333334,50.75,37.024837
1606232016,35.36,51.0,37.23726
1606232017,35.361666666666665,51.0,37.23726
1606232018,35.36333333333333,51.0,37.23726
1606232019,35.365,51.0,37.23726
1606232020,35.36666666666667,51.0,37.23726
1606232021,35.36833333333333,51.0,37.23726
1606232022,35.37,51.0,37.23726
1606232023,35.37166666666667,51.25,37.05939
1606232024,35.373333333333335,51.25,37.05939
1606232025,35.375,51.5,37.646156
1606232026,35.376666666666665,51.25,37.05939
1606232027,35.37833333333333,51.5,37.646156
1606232028,35.38,51.25,37.05939
1606232029,35.38166666666667,51.5,37.646156
1606232030,35.38333333333333,51.0,37.23726
1606232031,35.385,51.0,37.23726
1606232032,35.38666666666666,50.75,37.024837
1606232033,35.388333333333335,50.5,37.024837
1606232034,35.39,50.44444444444444,35.787773
1606232035,35.391666666666666,50.388888888888886,35.787773
1606232036,35.39333333333333,50.333333333333336,35.787773
1606232037,35.394999999999996,50.27777777777778,35.787773
1606232038,35.39666666666667,50.22222222222222,34.11215
1606232039,35.39833333333333,50.166666666666664,34.11215
1606232040,35.4,50.111111111111114,34.11215
1606232041,35.401666666666664,50.05555555555556,34.11215
1606232042,35.403333333333336,50.0,34.11215
1606232043,35.405,49.5,33.340687
1606232044,35.406666666666666,49.5,33.340687
1606232045,35.40833333333333,49.5,33.340687
1606232046,35.41,49.25,32.610374
1606232047,35.41166666666667,49.25,32.610374
1606232048,35.413333333333334,49.25,32.610374
1606232049,35.415,49.25,32.610374
1606232050,35.416666666666664,49.25,32.610374
1606232051,35.41833333333334,49.5,33.340687
1606232052,35.42,49.5,33.340687
1606232053,35.42166666666667,49.5,33.340687
1606232054,35.42333333333333,49.5,33.340687
1606232055,35.425,49.5,33.340687
1606232056,35.42666666666667,48.75,32.287636
1606232057,35.428333333333335,48.75,32.287636
1606232058,35.43,48.75,32.287636
1606232059,35.431666666666665,49.0,33.53413
1606232060,35.43333333333333,48.75,32.287636
1606232061,35.435,49.0,33.53413
1606232062,35.43666666666667,49.0,33.53413
1606232063,35.43833333333333,49.0,33.53413
1606232064,35.44,49.0,33.53413
1606232065,35.44166666666666,49.25,32.610374
1606232066,35.443333333333335,49.5,33.340687
1606232067,35.445,50.0,34.11215
1606232068,35.446666666666665,50.25,35.787773
1606232069,35.44833333333333,50.5,37.024837
1606232070,35.45,50.75,37.024837
1606232071,35.45166666666667,50.5,37.024837
1606232072,35.45333333333333,51.0,37.23726
1606232073,35.455,51.0,37.23726
1606232074,35.45666666666666,51.0,37.23726
1606232075,35.458333333333336,51.0,37.23726
1606232076,35.46,51.25,37.05939
1606232077,35.461666666666666,51.5,37.646156
1606232078,35.46333333333333,51.25,37.05939
1606232079,35.465,51.25,37.05939
1606232080,35.46666666666667,51.0,37.23726
1606232081,35.468333333333334,51.25,37.05939
1606232082,35.47,51.0,37.23726
1606232083,35.471666666666664,50.5,37.024837
1606232084,35.473333333333336,50.75,37.024837
1606232085,35.475,50.5,37.024837
1606232086,35.47666666666667,50.5,37.024837
1606232087,35.47833333333333,50.5,37.024837
1606232088,35.48,50.5,37.024837
1606232089,35.48166666666667,50.5,37.024837
1606232090,35.483333333333334,50.75,37.024837
1606232091,35.485,50.75,37.024837
1606232092,35.486666666666665,50.75,37.024837
1606232093,35.48833333333333,50.0,34.11215
1606232094,35.49,50.0,34.11215
1606232095,35.49166666666667,49.25,32.610374
1606232096,35.49333333333333,49.5,33.340687
1606232097,35.495,49.5,33.340687
1606232098,35.49666666666667,49.75,34.11215
1606232099,35.498333333333335,49.75,34.11215
1606232100,35.5,50.0,34.11215
1606232101,35.501666666666665,50.0,34.11215
1606232102,35.50333333333333,49.75,34.11215
1606232103,35.505,50.25,35.787773
1606232104,35.50666666666667,50.25,35.787773
1606232105,35.50833333333333,50.25,35.787773
1606232106,35.51,50.5,37.024837
1606232107,35.51166666666666,50.25,35.787773
1606232108,35.513333333333335,50.0,34.11215
1606232109,35.515,50.25,35.787773
1606232110,35.516666666666666,50.25,35.787773
1606232111,35.51833333333333,49.75,34.11215
1606232112,35.519999999999996,49.75,34.11215
1606232113,35.52166666666667,49.5,33.340687
1606232114,35.52333333333333,49.0,33.53413
1606232115,35.525,49.0,33.53413
1606232116,35.526666666666664,48.75,32.287636
1606232117,35.528333333333336,48.75,32.287636
1606232118,35.53,48.5,30.459234
1606232119,35.531666666666666,48.25,28.250269
1606232120,35.53333333333333,48.0,28.286419
1606232121,35.535,48.0,28.286419
1606232122,35.53666666666667,48.0,28.286419
1606232123,35.538333333333334,48.0,28.286419
1606232124,35.54,48.0,28.286419
1606232125,35.541666666666664,48.0,28.286419
1606232126,35.54333333333334,48.25,28.250269
1606232127,35.545,48.0,28.286419
1606232128,35.54666666666667,48.0,28.286419
1606232129,35.54833333333333,48.25,28.250269
1606232130,35.55,48.5,30.459234
1606232131,35.55166666666667,48.75,32.287636
1606232132,35.553333333333335,49.0,33.53413
1606232133,35.555,49.25,32.610374
1606232134,35.556666666666665,49.5,33.340687
1606232135,35.55833333333333,50.0,34.11215
1606232136,35.56,50.25,35.787773
1606232137,35.56166666666667,50.25,35.787773
1606232138,35.56333333333333,50.25,35.787773
1606232139,35.565,50.25,35.787773
1606232140,35.56666666666666,50.0,34.11215
1606232141,35.568333333333335,50.0,34.11215
1606232142,35.57,49.75,34.11215
1606232143,35.571666666666665,49.0,33.53413
1606232144,35.57333333333333,48.75,32.287636
1606232145,35.575,48.5,30.459234
1606232146,35.57666666666667,48.25,28.250269
1606232147,35.57833333333333,48.0,28.286419
1606232148,35.58,48.25,28.250269
1606232149,35.58166666666666,48.0,28.286419
1606232150,35.583333333333336,48.0,28.286419
1606232151,35.585,48.0,28.286419
1606232152,35.586666666666666,48.0,28.286419
1606232153,35.58833333333333,48.0,28.286419
1606232154,35.59,48.75,32.287636
1606232155,35.59166666666667,48.75,32.287636
1606232156,35.593333333333334,48.75,32.287636
1606232157,35.595,48.5,30.459234
1606232158,35.596666666666664,48.75,32.287636
1606232159,35.598333333333336,48.75,32.287636
