timestamp,cal_pm25_0,cal_pm25_1,cal_pm25_2,cal_pm25_3
1605964320,7.1137,7.1137,7.4565363,7.1137
1605964321,7.1137,7.1137,5.3615685,7.1137
1605964322,7.1137,7.1137,5.3615685,7.1137
1605964323,7.1137,7.1137,5.3615685,7.1137
1605964324,7.1137,7.1137,7.4565363,7.1137
1605964325,7.1137,7.1137,7.4565363,7.1137
1605964326,7.1137,7.1137,7.4565363,7.1137
1605964327,7.1137,7.1137,7.4565363,7.1137
1605964328,7.1137,7.1137,7.4565363,7.1137
1605964329,7.1137,7.1137,7.4565363,7.1137
1605964330,7.1137,7.1137,7.4565363,7.1137
1605964331,7.1137,7.1137,7.4565363,7.1137
1605964332,7.1137,7.1137,7.4565363,7.1137
1605964333,7.1137,7.1137,7.4565363,7.1137
1605964334,7.1137,7.1137,7.4565363,7.1137
1605964335,7.1137,7.1137,7.4565363,7.1137
1605964336,7.1137,7.1137,7.4565363,7.1137
1605964337,7.1137,7.1137,7.4565363,7.1137
1605964338,7.1137,7.1137,7.4565363,7.1137
1605964339,7.1137,7.1137,7.4565363,7.1137
1605964340,7.1137,7.1137,7.4565363,7.1137
1605964341,7.1137,7.1137,7.4565363,7.1137
1605964342,7.1137,7.1137,7.4565363,7.1137
1605964343,7.1137,7.1137,7.4565363,7.1137
1605964344,7.1137,7.1137,7.4565363,7.1137
1605964345,7.1137,7.1137,7.4565363,7.1137
1605964346,7.1137,7.1137,7.4565363,7.1137
1605964347,7.1137,7.1137,7.4565363,7.1137
1605964348,7.1137,7.1137,7.4565363,7.1137
1605964349,7.1137,7.1137,5.3615685,7.1137
1605964350,7.1137,7.1137,5.3615685,7.1137
1605964351,7.1137,7.1137,5.3615685,7.1137
1605964352,7.1137,7.1137,5.3615685,7.1137
1605964353,7.1137,7.1137,5.3615685,7.1137
1605964354,7.1137,7.1137,5.3615685,7.1137
1605964355,7.1137,7.1137,5.3615685,7.1137
1605964356,7.1137,7.1137,5.3615685,7.1137
1605964357,7.1137,7.1137,5.3615685,7.1137
1605964358,7.1137,7.1137,5.3615685,7.1137
1605964359,7.1137,7.1137,5.3615685,7.1137
1605964360,7.1137,7.1137,7.4565363,7.1137
1605964361,7.1137,7.1137,7.4565363,7.1137
1605964362,7.1137,7.1137,7.4565363,7.1137
1605964363,7.1137,7.1137,7.4565363,7.1137
1605964364,7.1137,7.1137,7.4565363,7.1137
1605964365,7.1137,7.1137,5.3615685,7.1137
1605964366,7.1137,7.1137,5.3615685,7.1137
1605964367,7.1137,7.1137,7.4565363,7.1137
1605964368,7.1137,7.1137,7.4565363,7.1137
1605964369,7.1137,7.1137,7.4565363,7.1137
1605964370,7.1137,7.1137,7.4565363,7.1137
1605964371,7.1137,7.1137,7.4565363,7.1137
1605964372,7.1137,7.1137,7.4565363,7.1137
1605964373,7.1137,7.1137,7.4565363,7.1137
1605964374,7.1137,7.1137,7.4565363,7.1137
1605964375,7.1137,7.1137,7.4565363,7.1137
1605964376,7.1137,7.1137,7.4565363,7.1137
1605964377,7.1137,7.1137,7.4565363,7.1137
1605964378,7.1137,7.1137,7.4565363,7.1137
1605964379,7.1137,7.1137,7.4565363,7.1137
1605964380,7.1137,7.1137,7.4565363,7.1137
1605964381,7.1137,7.1137,7.4565363,7.1137
1605964382,7.1137,7.1137,7.4565363,7.1137
1605964383,7.1137,7.1137,7.4565363,7.1137
1605964384,7.1137,7.1137,7.4565363,7.1137
1605964385,7.1137,7.1137,7.4565363,7.1137
1605964386,7.1137,7.1137,7.4565363,7.1137
1605964387,7.1137,7.1137,7.4565363,7.1137
1605964388,7.1137,7.1137,7.4565363,7.1137
1605964389,7.1137,7.1137,7.4565363,7.1137
1605964390,7.1137,7.1137,7.4565363,7.1137
1605964391,7.1137,7.1137,7.4565363,7.1137
1605964392,7.1137,7.1137,7.4565363,7.1137
1605964393,7.1137,7.1137,7.4565363,7.1137
1605964394,7.1137,7.1137,7.4565363,7.1137
1605964395,7.1137,7.1137,7.4565363,7.1137
1605964396,7.1137,7.1137,7.4565363,7.1137
1605964397,7.1137,7.1137,7.4565363,7.1137
1605964398,7.1137,7.1137,7.1137,7.1137
1605964399,7.1137,7.1137,7.1137,7.1137
1605964400,7.1137,7.1137,7.1137,7.1137
1605964401,7.1137,7.1137,7.1137,7.1137
1605964402,7.1137,7.1137,7.1137,7.1137
1605964403,7.1137,7.1137,7.1137,7.1137
1605964404,7.1137,7.1137,7.4565363,7.1137
1605964405,7.1137,7.1137,7.4565363,7.1137
1605964406,7.1137,7.1137,7.4565363,7.1137
1605964407,7.1137,7.1137,7.4565363,7.1137
1605964408,7.1137,7.1137,7.4565363,7.1137
1605964409,7.1137,7.1137,7.4565363,7.1137
1605964410,7.1137,7.1137,7.4565363,7.1137
1605964411,7.1137,7.1137,7.4565363,7.1137
1605964412,7.1137,7.1137,7.4565363,7.1137
1605964413,7.1137,7.1137,7.4565363,7.1137
1605964414,7.1137,7.1137,7.1137,7.1137
1605964415,7.1137,7.1137,7.1137,7.1137
1605964416,7.1137,7.1137,7.1137,7.1137
1605964417,7.1137,7.1137,7.1137,7.1137
1605964418,7.1137,7.1137,7.1137,7.1137
1605964419,7.1137,7.1137,7.1137,7.1137
1605964420,7.1137,7.1137,7.1137,7.1137
1605964421,7.1137,7.1137,7.1137,7.1137
1605964422,7.1137,7.1137,7.1137,7.1137
1605964423,7.1137,7.1137,7.1137,7.1137
1605964424,7.1137,7.1137,7.1137,7.1137
1605964425,7.1137,7.1137,7.1137,7.1137
1605964426,7.1137,7.1137,7.1137,7.1137
1605964427,7.1137,7.1137,7.1137,7.1137
1605964428,7.1137,7.1137,7.4565363,7.1137
1605964429,7.1137,7.1137,7.4565363,7.1137
1605964430,7.1137,7.1137,7.4565363,7.1137
1605964431,7.1137,7.1137,7.4565363,7.1137
1605964432,7.1137,7.1137,7.4565363,7.1137
1605964433,7.1137,7.1137,7.4565363,7.1137
1605964434,7.1137,7.1137,7.4565363,7.1137
1605964435,7.1137,7.1137,7.4565363,7.1137
1605964436,7.1137,7.1137,7.4565363,7.1137
1605964437,7.1137,7.1137,7.4565363,7.1137
1605964438,7.1137,7.1137,7.4565363,7.1137
1605964439,7.1137,7.1137,7.4565363,7.1137
1605964440,7.1137,7.1137,7.4565363,7.1137
1605964441,7.1137,7.1137,7.4565363,7.1137
1605964442,7.1137,7.1137,7.4565363,7.1137
1605964443,7.1137,7.1137,7.4565363,7.1137
1605964444,7.1137,7.1137,7.4565363,7.1137
1605964445,7.1137,7.1137,7.4565363,7.1137
1605964446,7.1137,7.1137,7.4565363,7.1137
1605964447,7.1137,7.1137,7.4565363,7.1137
1605964448,7.1137,7.1137,7.4565363,7.1137
1605964449,7.1137,7.1137,7.4565363,7.1137
1605964450,7.1137,7.1137,7.4565363,7.1137
1605964451,7.1137,7.1137,7.4565363,7.1137
1605964452,7.1137,7.1137,7.4565363,7.1137
1605964453,7.1137,7.1137,7.4565363,7.1137
1605964454,7.1137,7.1137,7.4565363,7.1137
1605964455,7.1137,7.1137,7.4565363,7.1137
1605964456,7.1137,7.1137,7.4565363,7.1137
1605964457,7.1137,7.1137,7.4565363,7.1137
1605964458,7.1137,7.1137,7.4565363,7.1137
1605964459,7.1137,7.1137,7.4565363,7.1137
1605964460,7.1137,7.1137,7.4565363,7.1137
1605964461,7.1137,7.1137,7.4565363,7.1137
1605964462,7.1137,7.1137,7.4565363,7.1137
1605964463,7.1137,7.1137,7.4565363,7.1137
1605964464,7.1137,7.1137,7.4565363,7.1137
1605964465,7.1137,7.1137,7.4565363,7.1137
1605964466,7.1137,7.1137,7.4565363,7.1137
1605964467,7.1137,7.1137,7.1137,7.1137
1605964468,7.1137,7.1137,7.1137,7.1137
1605964469,7.1137,7.1137,7.1137,7.1137
1605964470,7.1137,7.1137,7.4565363,7.1137
1605964471,7.1137,7.1137,7.4565363,7.1137
1605964472,7.1137,7.1137,7.4565363,7.1137
1605964473,7.1137,7.1137,7.4565363,7.1137
1605964474,7.1137,7.1137,7.4565363,7.1137
1605964475,7.1137,7.1137,5.3615685,7.1137
1605964476,7.1137,7.1137,5.3615685,7.1137
1605964477,7.1137,7.1137,5.3615685,7.1137
1605964478,7.1137,7.1137,5.3615685,7.1137
1605964479,7.1137,7.1137,5.3615685,7.1137
1605964480,7.1137,7.1137,5.3615685,7.1137
1605964481,7.1137,7.1137,5.3615685,7.1137
1605964482,7.1137,7.1137,5.3615685,7.1137
1605964483,7.1137,7.1137,5.3615685,7.1137
1605964484,7.1137,7.1137,5.3615685,7.1137
1605964485,7.1137,7.1137,5.3615685,7.1137
1605964486,7.1137,7.1137,5.3615685,7.1137
1605964487,7.1137,7.1137,5.3615685,7.1137
1605964488,7.1137,7.1137,5.3615685,7.1137
1605964489,7.1137,7.1137,5.3615685,7.1137
1605964490,7.1137,7.1137,5.3615685,7.1137
1605964491,7.1137,7.1137,5.3615685,7.1137
1605964492,7.1137,7.1137,5.3615685,7.1137
1605964493,7.1137,7.1137,5.3615685,7.1137
1605964494,7.1137,7.1137,5.3615685,7.1137
1605964495,7.1137,7.1137,5.3615685,7.1137
1605964496,7.1137,7.1137,5.3615685,7.1137
1605964497,7.1137,7.1137,5.3615685,7.1137
1605964498,7.1137,7.1137,5.3615685,7.1137
1605964499,7.1137,7.1137,5.3615685,7.1137
1605964500,7.1137,7.1137,5.3615685,7.1137
1605964501,7.1137,7.1137,5.3615685,7.1137
1605964502,7.1137,7.1137,7.4179444,7.1137
1605964503,7.1137,7.1137,7.4179444,7.1137
1605964504,7.1137,7.1137,7.4179444,7.1137
1605964505,7.1137,7.1137,7.4179444,7.1137
1605964506,7.1137,7.1137,7.4179444,7.1137
1605964507,7.1137,7.1137,7.4179444,7.1137
1605964508,7.1137,7.1137,7.4179444,7.1137
1605964509,7.1137,7.1137,5.3615685,7.1137
1605964510,7.1137,7.1137,5.3615685,7.1137
1605964511,7.1137,7.1137,5.3615685,7.1137
1605964512,7.1137,7.1137,5.3615685,7.1137
1605964513,7.1137,7.1137,5.3615685,7.1137
1605964514,7.1137,7.1137,5.3615685,7.1137
1605964515,7.1137,7.1137,5.3615685,7.1137
1605964516,7.1137,7.1137,5.3615685,7.1137
1605964517,7.1137,7.1137,5.3615685,7.1137
1605964518,7.1137,7.1137,7.4565363,7.1137
1605964519,7.1137,7.1137,7.4565363,7.1137
1605964520,7.1137,7.1137,7.4565363,7.1137
1605964521,7.1137,7.1137,7.4565363,7.1137
1605964522,7.1137,7.1137,7.4565363,7.1137
1605964523,7.1137,7.1137,7.4565363,7.1137
1605964524,7.1137,7.1137,7.4565363,7.1137
1605964525,7.1137,7.1137,7.4565363,7.1137
1605964526,7.1137,7.1137,7.4565363,7.1137
1605964527,7.1137,7.1137,7.4565363,7.1137
1605964528,7.1137,7.1137,5.3615685,7.1137
1605964529,7.1137,7.1137,5.3615685,7.1137
1605964530,7.1137,7.1137,5.3615685,7.1137
1605964531,7.1137,7.1137,5.3615685,7.1137
1605964532,7.1137,7.1137,5.3615685,7.1137
1605964533,7.1137,7.1137,5.3615685,7.1137
1605964534,7.1137,7.1137,5.3615685,7.1137
1605964535,7.1137,7.1137,5.3615685,7.1137
1605964536,7.1137,7.1137,5.3615685,7.1137
1605964537,7.1137,7.1137,5.3615685,7.1137
1605964538,7.1137,7.1137,5.3615685,7.1137
1605964539,7.1137,7.1137,5.3615685,7.1137
1605964540,7.1137,7.1137,5.3615685,7.1137
1605964541,7.1137,7.1137,5.3615685,7.1137
1605964542,7.1137,7.1137,5.3615685,7.1137
1605964543,7.1137,7.1137,5.3615685,7.1137
1605964544,7.1137,7.1137,5.3615685,7.1137
1605964545,7.1137,7.1137,5.3615685,7.1137
1605964546,7.1137,7.1137,5.3615685,7.1137
1605964547,7.1137,7.1137,5.3615685,7.1137
1605964548,7.1137,7.1137,5.3615685,7.1137
1605964549,7.1137,7.1137,7.4565363,7.1137
1605964550,7.1137,7.1137,7.4565363,7.1137
1605964551,7.1137,7.1137,7.4565363,7.1137
1605964552,7.1137,7.1137,7.4565363,7.1137
1605964553,7.1137,7.1137,7.4565363,7.1137
1605964554,7.1137,7.1137,7.4565363,7.1137
1605964555,7.1137,7.1137,7.4565363,7.1137
1605964556,7.1137,7.1137,7.4565363,7.1137
1605964557,7.1137,7.1137,7.1137,7.1137
1605964558,7.1137,7.1137,7.1137,7.1137
1605964559,7.1137,7.1137,7.1137,7.1137
1605964560,7.1137,7.1137,7.1137,7.1137
1605964561,7.1137,7.1137,7.1137,7.1137
1605964562,7.1137,7.1137,7.1137,7.1137
1605964563,7.1137,7.1137,7.1137,7.1137
1605964564,7.1137,7.1137,7.1137,7.1137
1605964565,7.1137,7.1137,7.1137,7.1137
1605964566,7.1137,7.1137,7.1137,7.1137
1605964567,7.1137,7.1137,7.1137,7.1137
1605964568,7.1137,7.1137,7.1137,7.1137
1605964569,7.1137,7.1137,7.1137,7.1137
1605964570,7.1137,7.1137,7.1137,7.1137
1605964571,7.1137,7.1137,7.1137,7.1137
1605964572,7.1137,7.1137,7.4565363,7.1137
1605964573,7.1137,7.1137,7.4565363,7.1137
1605964574,7.1137,7.1137,5.3615685,7.1137
1605964575,7.1137,7.1137,5.3615685,7.1137
1605964576,7.1137,7.1137,5.3615685,7.1137
1605964577,7.1137,7.1137,5.3615685,7.1137
1605964578,7.1137,7.1137,5.3615685,7.1137
1605964579,7.1137,7.1137,5.3615685,7.1137
1605964580,7.1137,7.1137,5.3615685,7.1137
1605964581,7.1137,7.1137,7.4565363,7.1137
1605964582,7.1137,7.1137,7.4565363,7.1137
1605964583,7.1137,7.1137,7.4565363,7.1137
1605964584,7.1137,7.1137,7.4565363,7.1137
1605964585,7.1137,7.1137,7.4565363,7.1137
1605964586,7.1137,7.1137,7.4565363,7.1137
1605964587,7.1137,7.1137,7.4565363,7.1137
1605964588,7.1137,7.1137,7.4565363,7.1137
1605964589,7.1137,7.1137,7.4565363,7.1137
1605964590,7.1137,7.1137,5.3615685,7.1137
1605964591,7.1137,7.1137,5.3615685,7.1137
1605964592,7.1137,7.1137,5.3615685,7.1137
1605964593,7.1137,7.1137,5.3615685,7.1137
1605964594,7.1137,7.1137,5.3615685,7.1137
1605964595,7.1137,7.1137,5.3615685,7.1137
1605964596,7.1137,7.1137,7.4179444,7.1137
1605964597,7.1137,7.1137,7.4179444,7.1137
1605964598,7.1137,7.1137,7.4179444,7.1137
1605964599,7.1137,7.1137,7.4179444,7.1137
1605964600,7.1137,7.1137,7.4179444,7.1137
1605964601,7.1137,7.1137,7.4179444,7.1137
1605964602,7.1137,7.1137,7.4179444,7.1137
1605964603,7.1137,7.1137,7.4179444,7.1137
1605964604,7.1137,7.1137,7.4179444,7.1137
1605964605,7.1137,7.1137,7.4179444,7.1137
1605964606,7.1137,7.1137,7.4179444,7.1137
1605964607,7.1137,7.1137,7.4179444,7.1137
1605964608,7.1137,7.1137,7.4179444,7.1137
1605964609,7.1137,7.1137,7.4179444,7.1137
1605964610,7.1137,7.1137,7.4179444,7.1137
1605964611,7.1137,7.1137,7.4179444,7.1137
1605964612,7.1137,7.1137,7.4179444,7.1137
1605964613,7.1137,7.1137,7.4179444,7.1137
1605964614,7.1137,7.1137,7.4179444,7.1137
1605964615,7.1137,7.1137,7.4179444,7.1137
1605964616,7.1137,7.1137,7.4179444,7.1137
1605964617,7.1137,7.1137,7.4179444,7.1137
1605964618,7.1137,7.1137,7.4179444,7.1137
1605964619,7.1137,7.1137,7.4179444,7.1137
1605964620,7.1137,7.1137,7.4179444,7.1137
1605964621,7.1137,7.1137,5.3615685,7.1137
1605964622,7.1137,7.1137,5.3615685,7.1137
1605964623,7.1137,7.1137,5.3615685,7.1137
1605964624,7.1137,7.1137,5.3615685,7.1137
1605964625,7.1137,7.1137,5.3615685,7.1137
1605964626,7.1137,7.1137,5.3615685,7.1137
1605964627,7.1137,7.1137,7.4565363,7.1137
1605964628,7.1137,7.1137,7.4565363,7.1137
1605964629,7.1137,7.1137,7.4565363,7.1137
1605964630,7.1137,7.1137,7.4565363,7.1137
1605964631,7.1137,7.1137,7.1137,7.1137
1605964632,7.1137,7.1137,7.1137,7.1137
1605964633,7.1137,7.1137,7.1137,7.1137
1605964634,7.1137,7.1137,7.1137,7.1137
1605964635,7.1137,7.1137,7.1137,7.1137
1605964636,7.1137,7.1137,7.1137,7.1137
1605964637,7.1137,7.1137,7.1137,7.1137
1605964638,7.1137,7.1137,7.1137,7.1137
1605964639,7.1137,7.1137,7.1137,7.1137
1605964640,7.1137,7.1137,7.1137,7.1137
1605964641,7.1137,7.1137,7.1137,7.1137
1605964642,7.1137,7.1137,7.1137,7.1137
1605964643,7.1137,7.1137,7.1137,7.1137
1605964644,7.1137,7.1137,7.1137,7.1137
1605964645,7.1137,7.1137,7.1137,7.1137
1605964646,7.1137,7.1137,7.1137,7.1137
1605964647,7.1137,7.1137,7.1137,7.1137
1605964648,7.1137,7.1137,7.1137,7.1137
1605964649,7.1137,7.1137,7.1137,7.1137
1605964650,7.1137,7.1137,7.1137,7.1137
1605964651,7.1137,7.1137,7.1137,7.1137
1605964652,7.1137,7.1137,7.1137,7.1137
1605964653,7.1137,7.1137,7.1137,7.1137
1605964654,7.1137,7.1137,7.1137,7.1137
1605964655,7.1137,7.1137,7.1137,7.1137
1605964656,7.1137,7.1137,7.1137,7.1137
1605964657,7.1137,7.1137,7.1137,7.1137
1605964658,7.1137,7.1137,7.1137,7.1137
1605964659,7.1137,7.1137,7.1137,7.1137
1605964660,7.1137,7.1137,7.1137,7.1137
1605964661,7.1137,7.1137,7.1137,7.1137
1605964662,7.1137,7.1137,7.4565363,7.1137
1605964663,7.1137,7.1137,7.4565363,7.1137
1605964664,7.1137,7.1137,7.4565363,7.1137
1605964665,7.1137,7.1137,7.4565363,7.1137
1605964666,7.1137,7.1137,7.4565363,7.1137
1605964667,7.1137,7.1137,5.3615685,7.1137
1605964668,7.1137,7.1137,5.3615685,7.1137
1605964669,7.1137,7.1137,5.3615685,7.1137
1605964670,7.1137,7.1137,5.3615685,7.1137
1605964671,7.1137,7.1137,5.3615685,7.1137
1605964672,7.1137,7.1137,5.3615685,7.1137
1605964673,7.1137,7.1137,5.3615685,7.1137
1605964674,7.1137,7.1137,5.3615685,7.1137
1605964675,7.1137,7.1137,7.4565363,7.1137
1605964676,7.1137,7.1137,7.4565363,7.1137
1605964677,7.1137,7.1137,7.4565363,7.1137
1605964678,7.1137,7.1137,7.4565363,7.1137
1605964679,7.1137,7.1137,7.4565363,7.1137
1605964680,7.1137,7.1137,7.4565363,7.1137
1605964681,7.1137,7.1137,7.1137,7.1137
1605964682,7.1137,7.1137,7.1137,7.1137
1605964683,7.1137,7.1137,7.1137,7.1137
1605964684,7.1137,7.1137,7.1137,7.1137
1605964685,7.1137,7.1137,7.1137,7.1137
1605964686,7.1137,7.1137,7.1137,7.1137
1605964687,7.1137,7.1137,7.1137,7.1137
1605964688,7.1137,7.1137,7.1137,7.1137
1605964689,7.1137,7.1137,7.1137,7.1137
1605964690,7.1137,7.1137,7.1137,7.1137
1605964691,7.1137,7.1137,7.4565363,7.1137
1605964692,7.1137,7.1137,7.4565363,7.1137
1605964693,7.1137,7.1137,7.4565363,7.1137
1605964694,7.1137,7.1137,7.4565363,7.1137
1605964695,7.1137,7.1137,7.4565363,7.1137
1605964696,7.1137,7.1137,7.4565363,7.1137
1605964697,7.1137,7.1137,7.4565363,7.1137
1605964698,7.1137,7.1137,7.4565363,7.1137
1605964699,7.1137,7.1137,7.4565363,7.1137
1605964700,7.1137,7.1137,7.4565363,7.1137
1605964701,7.1137,7.1137,7.4565363,7.1137
1605964702,7.1137,7.1137,7.4565363,7.1137
1605964703,7.1137,7.1137,7.4565363,7.1137
1605964704,7.1137,7.1137,7.4565363,7.1137
1605964705,7.1137,7.1137,7.4565363,7.1137
1605964706,7.1137,7.1137,7.4565363,7.1137
1605964707,7.1137,7.1137,7.4565363,7.1137
1605964708,7.1137,7.1137,7.4565363,7.1137
1605964709,7.1137,7.1137,7.4565363,7.1137
1605964710,7.1137,7.1137,7.4565363,7.1137
1605964711,7.1137,7.1137,5.3615685,7.1137
1605964712,7.1137,7.1137,5.3615685,7.1137
1605964713,7.1137,7.1137,5.3615685,7.1137
1605964714,7.1137,7.1137,5.3615685,7.1137
1605964715,7.1137,7.1137,5.3615685,7.1137
1605964716,7.1137,7.1137,5.3615685,7.1137
1605964717,7.1137,7.1137,5.3615685,7.1137
1605964718,7.1137,7.1137,5.3615685,7.1137
1605964719,7.1137,7.1137,7.4565363,7.1137
1605964720,7.1137,7.1137,7.4565363,7.1137
1605964721,7.1137,7.1137,7.4565363,7.1137
1605964722,7.1137,7.1137,7.4565363,7.1137
1605964723,7.1137,7.1137,7.4565363,7.1137
1605964724,7.1137,7.1137,7.4565363,7.1137
1605964725,7.1137,7.1137,7.4565363,7.1137
1605964726,7.1137,7.1137,7.4565363,7.1137
1605964727,7.1137,7.1137,7.4565363,7.1137
1605964728,7.1137,7.1137,7.4565363,7.1137
1605964729,7.1137,7.1137,7.4565363,7.1137
1605964730,7.1137,7.1137,7.4565363,7.1137
1605964731,7.1137,7.1137,7.4565363,7.1137
1605964732,7.1137,7.1137,7.4565363,7.1137
1605964733,7.1137,7.1137,7.4565363,7.1137
1605964734,7.1137,7.1137,7.4565363,7.1137
1605964735,7.1137,7.1137,7.4565363,7.1137
1605964736,7.1137,7.1137,7.4565363,7.1137
1605964737,7.1137,7.1137,7.4565363,7.1137
1605964738,7.1137,7.1137,7.4565363,7.1137
1605964739,7.1137,7.1137,7.4565363,7.1137
1605964740,7.1137,7.1137,7.4565363,7.1137
1605964741,7.1137,7.1137,7.4565363,7.1137
1605964742,7.1137,7.1137,7.4565363,7.1137
1605964743,7.1137,7.1137,7.4565363,7.1137
1605964744,7.1137,7.1137,7.4565363,7.1137
1605964745,7.1137,7.1137,7.4565363,7.1137
1605964746,7.1137,7.1137,7.4565363,7.1137
1605964747,7.1137,7.1137,5.3615685,7.1137
1605964748,7.1137,7.1137,5.3615685,7.1137
1605964749,7.1137,7.1137,5.3615685,7.1137
1605964750,7.1137,7.1137,5.3615685,7.1137
1605964751,7.1137,7.1137,7.4565363,7.1137
1605964752,7.1137,7.1137,7.4565363,7.1137
1605964753,7.1137,7.1137,7.4565363,7.1137
1605964754,7.1137,7.1137,7.4565363,7.1137
1605964755,7.4565363,7.1137,7.4565363,7.1137
1605964756,7.4565363,7.1137,7.4565363,7.1137
1605964757,7.4565363,7.1137,7.1137,7.1137
1605964758,7.1137,7.1137,7.1137,7.1137
1605964759,7.1137,7.1137,7.1137,7.1137
1605964760,7.1137,7.1137,7.1137,7.1137
1605964761,7.1137,7.1137,7.4565363,7.1137
1605964762,7.1137,7.1137,7.4565363,7.1137
1605964763,7.1137,7.1137,7.4565363,7.1137
1605964764,7.1137,7.1137,7.4565363,7.1137
1605964765,7.1137,7.1137,7.4565363,7.1137
1605964766,7.1137,7.1137,7.4565363,7.1137
1605964767,7.1137,7.1137,7.4565363,7.1137
1605964768,7.1137,7.1137,7.4565363,7.1137
1605964769,7.1137,7.1137,7.4565363,7.1137
1605964770,7.1137,7.1137,7.4565363,7.1137
1605964771,7.1137,7.1137,7.4565363,7.1137
1605964772,7.1137,7.1137,5.3615685,7.1137
1605964773,7.1137,7.1137,5.3615685,7.1137
1605964774,7.1137,7.1137,5.3615685,7.1137
1605964775,7.1137,7.1137,5.3615685,7.1137
1605964776,7.1137,7.1137,5.3615685,7.1137
1605964777,7.1137,7.1137,5.3615685,7.1137
1605964778,7.1137,7.1137,5.3615685,7.1137
1605964779,7.1137,7.1137,5.3615685,7.1137
1605964780,7.1137,7.1137,5.3615685,7.1137
1605964781,7.1137,7.1137,5.3615685,7.1137
1605964782,7.1137,7.1137,5.3615685,7.1137
1605964783,7.1137,7.1137,5.3615685,7.1137
1605964784,7.1137,7.1137,5.3615685,7.1137
1605964785,7.1137,7.1137,5.3615685,7.1137
1605964786,7.1137,7.1137,5.3615685,7.1137
1605964787,7.1137,7.1137,5.3615685,7.1137
1605964788,7.1137,7.1137,5.3615685,7.1137
1605964789,7.1137,7.1137,5.3615685,7.1137
1605964790,7.1137,7.1137,5.3615685,7.1137
1605964791,7.1137,7.1137,7.4565363,7.1137
1605964792,7.1137,7.1137,7.4565363,7.1137
1605964793,7.1137,7.1137,7.4565363,7.1137
1605964794,7.1137,7.1137,7.4565363,7.1137
1605964795,7.1137,7.1137,7.4565363,7.1137
1605964796,7.1137,7.1137,7.4565363,7.1137
1605964797,7.1137,7.1137,7.4565363,7.1137
1605964798,7.1137,7.1137,7.4565363,7.1137
1605964799,7.1137,7.1137,7.4565363,7.1137
1605964800,7.1137,7.1137,7.4565363,7.1137
1605964801,7.1137,7.1137,7.4565363,7.1137
1605964802,7.1137,7.1137,7.4565363,7.1137
1605964803,7.1137,7.1137,7.4565363,7.1137
1605964804,7.1137,7.1137,7.4565363,7.1137
1605964805,7.1137,7.1137,7.4565363,7.1137
1605964806,7.1137,7.1137,7.4565363,7.1137
1605964807,7.1137,7.1137,7.4565363,7.1137
1605964808,7.1137,7.1137,7.4565363,7.1137
1605964809,7.1137,7.1137,7.4565363,7.1137
1605964810,7.1137,7.1137,7.4565363,7.1137
1605964811,7.1137,7.1137,7.4565363,7.1137
1605964812,7.1137,7.1137,7.4565363,7.1137
1605964813,7.1137,7.1137,7.4565363,7.1137
1605964814,7.1137,7.1137,5.3615685,7.1137
1605964815,7.1137,7.1137,5.3615685,7.1137
1605964816,7.1137,7.1137,5.3615685,7.1137
1605964817,7.1137,7.1137,5.3615685,7.1137
1605964818,7.1137,7.1137,5.3615685,7.1137
1605964819,7.1137,7.1137,5.3615685,7.1137
1605964820,7.1137,7.1137,5.3615685,7.1137
1605964821,7.1137,7.1137,5.3615685,7.1137
1605964822,7.1137,7.1137,5.3615685,7.1137
1605964823,7.1137,7.1137,5.3615685,7.1137
1605964824,7.1137,7.1137,5.3615685,7.1137
1605964825,7.1137,7.1137,5.3615685,7.1137
1605964826,7.1137,7.1137,7.4565363,7.1137
1605964827,7.1137,7.1137,7.4565363,7.1137
1605964828,7.1137,7.1137,7.4565363,7.1137
1605964829,7.1137,7.1137,7.4565363,7.1137
1605964830,7.1137,7.1137,7.4565363,7.1137
1605964831,7.1137,7.1137,7.4565363,7.1137
1605964832,7.1137,7.1137,7.4565363,7.1137
1605964833,7.1137,7.1137,7.4565363,7.1137
1605964834,7.1137,7.1137,7.4565363,7.1137
1605964835,7.1137,7.1137,7.4565363,7.1137
1605964836,7.1137,7.1137,5.3615685,7.1137
1605964837,7.1137,7.1137,5.3615685,7.1137
1605964838,7.1137,7.1137,5.3615685,7.1137
1605964839,7.1137,7.1137,5.3615685,7.1137
1605964840,7.1137,7.1137,5.3615685,7.1137
1605964841,7.1137,7.1137,5.3615685,7.1137
1605964842,7.1137,7.1137,5.3615685,7.1137
1605964843,7.1137,7.1137,5.3615685,7.1137
1605964844,7.1137,7.1137,7.4565363,7.1137
1605964845,7.1137,7.1137,7.4565363,7.1137
1605964846,7.1137,7.1137,7.4565363,7.1137
1605964847,7.1137,7.1137,7.4565363,7.1137
1605964848,7.1137,7.1137,7.4565363,7.1137
1605964849,7.1137,7.1137,7.4565363,7.1137
1605964850,7.1137,7.1137,7.4565363,7.1137
1605964851,7.1137,7.1137,7.4565363,7.1137
1605964852,7.1137,7.1137,7.4565363,7.1137
1605964853,7.1137,7.1137,7.4565363,7.1137
1605964854,7.1137,7.1137,7.4565363,7.1137
1605964855,7.1137,7.1137,7.4565363,7.1137
1605964856,7.1137,7.1137,5.3615685,7.1137
1605964857,7.1137,7.1137,5.3615685,7.1137
1605964858,7.1137,7.1137,5.3615685,7.1137
1605964859,7.1137,7.1137,7.4179444,7.1137
1605964860,7.1137,7.1137,7.4179444,7.1137
1605964861,7.1137,7.1137,7.4179444,7.1137
1605964862,7.1137,7.1137,7.4179444,7.1137
1605964863,7.1137,7.1137,7.4179444,7.1137
1605964864,7.1137,7.1137,7.4179444,7.1137
1605964865,7.1137,7.1137,7.4179444,7.1137
1605964866,7.1137,7.1137,7.4179444,7.1137
1605964867,7.1137,7.1137,7.4179444,7.1137
1605964868,7.1137,7.1137,7.4179444,7.1137
1605964869,7.1137,7.1137,7.4179444,7.1137
1605964870,7.1137,7.1137,7.4179444,7.1137
1605964871,7.1137,7.1137,7.4179444,7.1137
1605964872,7.1137,7.1137,7.4179444,7.1137
1605964873,7.1137,7.1137,7.4179444,7.1137
1605964874,7.1137,7.1137,5.3615685,7.1137
1605964875,7.1137,7.1137,5.3615685,7.1137
1605964876,7.1137,7.1137,5.3615685,7.1137
1605964877,7.1137,7.1137,5.3615685,7.1137
1605964878,7.1137,7.1137,7.4179444,7.1137
1605964879,7.1137,7.1137,7.4179444,7.1137
1605964880,7.1137,7.1137,7.4179444,7.1137
1605964881,7.1137,7.1137,7.4179444,7.1137
1605964882,7.1137,7.1137,7.4179444,7.1137
1605964883,7.1137,7.1137,7.4179444,7.1137
1605964884,7.1137,7.1137,7.4179444,7.1137
1605964885,7.1137,7.1137,7.4179444,7.1137
1605964886,7.1137,7.1137,7.4179444,7.1137
1605964887,7.1137,7.1137,7.4179444,7.1137
1605964888,7.1137,7.1137,5.3615685,7.1137
1605964889,7.1137,7.1137,5.3615685,7.1137
1605964890,7.1137,7.1137,5.3615685,7.1137
1605964891,7.1137,7.1137,5.3615685,7.1137
1605964892,7.1137,7.1137,5.3615685,7.1137
1605964893,7.1137,7.1137,5.3615685,7.1137
1605964894,7.1137,7.1137,7.4565363,7.1137
1605964895,7.1137,7.1137,7.4565363,7.1137
1605964896,7.1137,7.1137,7.4565363,7.1137
1605964897,7.1137,7.1137,7.4565363,7.1137
1605964898,7.1137,7.1137,7.4565363,7.1137
1605964899,7.1137,7.1137,7.1137,7.1137
1605964900,7.1137,7.1137,7.1137,7.1137
1605964901,7.1137,7.1137,7.1137,7.1137
1605964902,7.1137,7.1137,7.1137,7.1137
1605964903,7.1137,7.1137,7.1137,7.1137
1605964904,7.1137,7.1137,7.1137,7.1137
1605964905,7.1137,7.1137,7.1137,7.1137
1605964906,7.1137,7.1137,7.1137,7.1137
1605964907,7.1137,7.1137,7.1137,7.1137
1605964908,7.1137,7.1137,7.1137,7.1137
1605964909,7.1137,7.1137,7.4565363,7.1137
1605964910,7.1137,7.1137,7.4565363,7.1137
1605964911,7.1137,7.1137,7.4565363,7.1137
1605964912,7.1137,7.1137,7.4565363,7.1137
1605964913,7.1137,7.1137,7.4565363,7.1137
1605964914,7.1137,7.1137,7.4565363,7.1137
1605964915,7.1137,7.1137,7.4565363,7.1137
1605964916,7.1137,7.1137,7.4565363,7.1137
1605964917,7.1137,7.1137,7.4565363,7.1137
1605964918,7.1137,7.1137,7.4565363,7.1137
1605964919,7.1137,7.1137,7.4565363,7.1137
1605964920,7.1137,7.1137,7.4565363,7.1137
1605964921,7.1137,7.1137,5.3615685,7.1137
1605964922,7.1137,7.1137,5.3615685,7.1137
1605964923,7.4565363,7.1137,5.3615685,7.1137
1605964924,7.4565363,7.1137,5.3615685,7.1137
1605964925,7.4565363,7.1137,5.3615685,7.1137
1605964926,7.4565363,7.1137,5.3615685,7.1137
1605964927,7.4565363,7.1137,5.3615685,7.1137
1605964928,7.1137,7.1137,5.3615685,7.1137
1605964929,7.1137,7.1137,5.3615685,7.1137
1605964930,7.1137,7.1137,5.3615685,7.1137
1605964931,7.1137,7.1137,7.4179444,7.1137
1605964932,7.1137,7.1137,7.4179444,7.1137
1605964933,7.1137,7.1137,7.4179444,7.1137
1605964934,7.1137,7.1137,7.4179444,7.1137
1605964935,7.1137,7.1137,7.4179444,7.1137
1605964936,7.1137,7.1137,7.4179444,7.1137
1605964937,7.1137,7.1137,5.636161,7.1137
1605964938,7.1137,7.1137,7.4179444,7.1137
1605964939,7.1137,7.1137,7.4179444,7.1137
1605964940,7.1137,7.1137,7.4179444,7.1137
1605964941,7.1137,7.1137,5.636161,7.1137
1605964942,7.1137,7.1137,7.4179444,7.1137
1605964943,7.1137,7.1137,5.636161,7.1137
1605964944,7.1137,7.1137,5.636161,7.1137
1605964945,7.1137,7.1137,5.636161,7.1137
1605964946,7.1137,7.1137,5.636161,7.1137
1605964947,7.1137,7.1137,5.636161,7.1137
1605964948,7.1137,7.1137,5.636161,7.1137
1605964949,7.1137,7.1137,5.636161,7.1137
1605964950,7.1137,7.1137,5.636161,7.1137
1605964951,7.1137,7.1137,5.636161,7.1137
1605964952,7.1137,7.1137,5.636161,7.1137
1605964953,7.1137,7.1137,5.636161,7.1137
1605964954,7.1137,7.1137,7.4179444,7.1137
1605964955,7.1137,7.1137,7.4179444,7.1137
1605964956,7.1137,7.1137,7.4179444,7.1137
1605964957,7.1137,7.1137,7.4179444,7.1137
1605964958,7.1137,7.1137,7.4179444,7.1137
1605964959,7.1137,7.1137,7.4179444,7.1137
1605964960,7.1137,7.1137,7.4179444,7.1137
1605964961,7.1137,7.1137,7.4179444,7.1137
1605964962,7.1137,7.1137,7.4179444,7.1137
1605964963,7.1137,7.1137,7.4179444,7.1137
1605964964,7.1137,7.1137,7.4179444,7.1137
1605964965,7.1137,7.1137,7.4179444,7.1137
1605964966,7.1137,7.1137,5.3615685,7.1137
1605964967,7.1137,7.1137,5.3615685,7.1137
1605964968,7.1137,7.1137,5.3615685,7.1137
1605964969,7.1137,7.1137,5.3615685,7.1137
1605964970,7.1137,7.1137,7.4565363,7.1137
1605964971,7.1137,7.1137,7.4565363,7.1137
1605964972,7.1137,7.1137,7.4565363,7.1137
1605964973,7.1137,7.1137,7.4565363,7.1137
1605964974,7.1137,7.1137,7.4565363,7.1137
1605964975,7.1137,7.1137,7.4565363,7.1137
1605964976,7.1137,7.1137,7.4565363,7.1137
1605964977,7.1137,7.1137,7.4565363,7.1137
1605964978,7.1137,7.1137,7.4565363,7.1137
1605964979,7.1137,7.1137,5.3615685,7.1137
1605964980,7.1137,7.1137,5.3615685,7.1137
1605964981,7.1137,7.1137,5.3615685,7.1137
1605964982,7.1137,7.1137,5.3615685,7.1137
1605964983,7.1137,7.1137,5.3615685,7.1137
1605964984,7.1137,7.1137,5.3615685,7.1137
1605964985,7.1137,7.1137,5.3615685,7.1137
1605964986,7.1137,7.1137,5.3615685,7.1137
1605964987,7.1137,7.1137,5.3615685,7.1137
1605964988,7.1137,7.1137,5.3615685,7.1137
1605964989,7.1137,7.1137,7.4179444,7.1137
1605964990,7.1137,7.1137,7.4179444,7.1137
1605964991,7.1137,7.1137,7.4179444,7.1137
1605964992,7.1137,7.1137,7.4179444,7.1137
1605964993,7.1137,7.1137,7.4179444,7.1137
1605964994,7.1137,7.1137,7.4179444,7.1137
1605964995,7.1137,7.1137,7.4179444,7.1137
1605964996,7.1137,7.1137,7.4179444,7.1137
1605964997,7.1137,7.1137,7.4179444,7.1137
1605964998,7.1137,7.1137,7.4179444,7.1137
1605964999,7.1137,7.1137,7.4179444,7.1137
1605965000,7.1137,7.1137,5.3615685,7.1137
1605965001,7.1137,7.1137,5.3615685,7.1137
1605965002,7.1137,7.1137,5.3615685,7.1137
1605965003,7.1137,7.1137,7.1137,7.1137
1605965004,7.1137,7.1137,7.1137,7.1137
1605965005,7.1137,7.1137,7.1137,7.1137
1605965006,7.1137,7.1137,7.1137,7.1137
1605965007,7.1137,7.1137,7.1137,7.1137
1605965008,7.1137,7.1137,7.1137,7.1137
1605965009,7.1137,7.1137,7.1137,7.1137
1605965010,7.1137,7.1137,7.1137,7.1137
1605965011,7.1137,7.1137,7.1137,7.1137
1605965012,7.1137,7.1137,7.1137,7.1137
1605965013,7.1137,7.1137,7.1137,7.1137
1605965014,7.1137,7.1137,7.1137,7.1137
1605965015,7.1137,7.1137,7.1137,7.1137
1605965016,7.1137,7.1137,7.1137,7.1137
1605965017,7.1137,7.1137,7.1137,7.1137
1605965018,7.1137,7.1137,7.1137,7.1137
1605965019,7.1137,7.1137,7.1137,7.1137
1605965020,7.1137,7.1137,7.1137,7.1137
1605965021,7.1137,7.1137,7.1137,7.1137
1605965022,7.1137,7.1137,7.1137,7.1137
1605965023,7.1137,7.1137,7.1137,7.1137
1605965024,7.1137,7.1137,7.1137,7.1137
1605965025,7.1137,7.1137,7.1137,7.1137
1605965026,7.1137,7.1137,7.1137,7.1137
1605965027,7.1137,7.1137,7.1137,7.1137
1605965028,7.1137,7.1137,7.1137,7.1137
1605965029,7.1137,7.1137,7.1137,7.1137
1605965030,7.1137,7.1137,7.1137,7.1137
1605965031,7.1137,7.1137,7.1137,7.1137
1605965032,7.1137,7.1137,7.1137,7.1137
1605965033,7.1137,7.1137,7.1137,7.1137
1605965034,7.1137,7.1137,7.1137,7.1137
1605965035,7.1137,7.1137,7.1137,7.1137
1605965036,7.1137,7.1137,7.1137,7.1137
1605965037,7.1137,7.1137,7.1137,7.1137
1605965038,7.1137,7.1137,7.1137,7.1137
1605965039,7.1137,7.1137,7.1137,7.1137
1605965040,7.1137,7.1137,7.1137,7.1137
1605965041,7.1137,7.1137,7.1137,7.1137
1605965042,7.1137,7.1137,7.1137,7.1137
1605965043,7.1137,7.1137,7.1137,7.1137
1605965044,7.1137,7.1137,7.1137,7.1137
1605965045,7.1137,7.1137,7.1137,7.1137
1605965046,7.1137,7.1137,7.1137,7.1137
1605965047,7.1137,7.1137,7.1137,7.1137
1605965048,7.1137,7.1137,7.1137,7.1137
1605965049,7.1137,7.1137,7.1137,7.1137
1605965050,7.1137,7.1137,7.1137,7.1137
1605965051,7.1137,7.1137,7.1137,7.1137
1605965052,7.1137,7.1137,7.1137,7.1137
1605965053,7.1137,7.1137,7.1137,7.1137
1605965054,7.1137,7.1137,7.1137,7.1137
1605965055,7.1137,7.1137,7.1137,7.1137
1605965056,7.1137,7.1137,7.1137,7.1137
1605965057,7.1137,7.1137,7.1137,7.1137
1605965058,7.1137,7.1137,7.1137,7.1137
1605965059,7.1137,7.1137,7.1137,7.1137
1605965060,7.1137,7.1137,7.1137,7.1137
1605965061,7.1137,7.1137,7.1137,7.1137
1605965062,7.1137,7.1137,7.1137,7.1137
1605965063,7.1137,7.1137,7.1137,7.1137
1605965064,7.1137,7.1137,7.1137,7.1137
1605965065,7.1137,7.1137,7.1137,7.1137
1605965066,7.1137,7.1137,7.1137,7.1137
1605965067,7.1137,7.1137,7.1137,7.1137
1605965068,7.1137,7.1137,7.1137,7.1137
1605965069,7.1137,7.1137,7.1137,7.1137
1605965070,7.1137,7.1137,7.1137,7.1137
1605965071,7.1137,7.1137,7.1137,7.1137
1605965072,7.1137,7.1137,7.1137,7.1137
1605965073,7.1137,7.1137,7.1137,7.1137
1605965074,7.1137,7.1137,7.1137,7.1137
1605965075,7.1137,7.1137,7.1137,7.1137
1605965076,7.1137,7.1137,7.1137,7.1137
1605965077,7.1137,7.1137,7.1137,7.1137
1605965078,7.1137,7.1137,7.1137,7.1137
1605965079,7.1137,7.1137,7.1137,7.1137
1605965080,7.1137,7.1137,7.1137,7.1137
1605965081,7.1137,7.1137,7.1137,7.1137
1605965082,7.1137,7.1137,7.1137,7.1137
1605965083,7.1137,7.1137,7.1137,7.1137
1605965084,7.1137,7.1137,7.1137,7.1137
1605965085,7.1137,7.1137,7.1137,7.1137
1605965086,7.1137,7.1137,7.1137,7.1137
1605965087,7.1137,7.1137,7.1137,7.1137
1605965088,7.1137,7.1137,7.1137,7.1137
1605965089,7.1137,7.1137,7.1137,7.1137
1605965090,7.1137,7.1137,7.1137,7.1137
1605965091,7.1137,7.1137,7.1137,7.1137
1605965092,7.1137,7.1137,7.1137,7.1137
1605965093,7.1137,7.1137,7.1137,7.1137
1605965094,7.1137,7.1137,7.1137,7.1137
1605965095,7.1137,7.1137,7.1137,7.1137
1605965096,7.1137,7.1137,7.1137,7.1137
1605965097,7.1137,7.1137,7.1137,7.1137
1605965098,7.1137,7.1137,7.1137,7.1137
1605965099,7.1137,7.1137,7.1137,7.1137
1605965100,7.1137,7.1137,7.1137,7.1137
1605965101,7.1137,7.1137,7.1137,7.1137
1605965102,7.1137,7.1137,7.1137,7.1137
1605965103,7.1137,7.1137,7.1137,7.1137
1605965104,7.1137,7.1137,7.1137,7.1137
1605965105,7.1137,7.1137,7.1137,7.1137
1605965106,7.1137,7.1137,7.1137,7.1137
1605965107,7.1137,7.1137,7.1137,7.1137
1605965108,7.1137,7.1137,7.1137,7.1137
1605965109,7.1137,7.1137,7.1137,7.1137
1605965110,7.1137,7.1137,7.1137,7.1137
1605965111,7.1137,7.1137,7.1137,7.1137
1605965112,7.1137,7.1137,7.1137,7.1137
1605965113,7.1137,7.1137,7.1137,7.1137
1605965114,7.1137,7.1137,7.1137,7.1137
1605965115,7.1137,7.1137,7.1137,7.1137
1605965116,7.1137,7.1137,7.1137,7.1137
1605965117,7.1137,7.1137,7.4565363,7.1137
1605965118,7.1137,7.1137,7.4565363,7.1137
1605965119,7.1137,7.1137,7.4565363,7.1137
1605965120,7.1137,7.1137,7.4565363,7.1137
1605965121,7.1137,7.1137,7.4565363,7.1137
1605965122,7.1137,7.1137,7.4565363,7.1137
1605965123,7.1137,7.1137,7.4565363,7.1137
1605965124,7.1137,7.1137,7.4565363,7.1137
1605965125,7.1137,7.1137,5.3615685,7.1137
1605965126,7.1137,7.1137,5.3615685,7.1137
1605965127,7.1137,7.1137,5.3615685,7.1137
1605965128,7.1137,7.1137,5.3615685,7.1137
1605965129,7.1137,7.1137,5.3615685,7.1137
1605965130,7.1137,7.1137,5.3615685,7.1137
1605965131,7.1137,7.1137,5.3615685,7.1137
1605965132,7.1137,7.1137,5.3615685,7.1137
1605965133,7.1137,7.1137,5.3615685,7.1137
1605965134,7.1137,7.1137,5.3615685,7.1137
1605965135,7.1137,7.1137,5.3615685,7.1137
1605965136,7.1137,7.1137,5.3615685,7.1137
1605965137,7.1137,7.1137,5.3615685,7.1137
1605965138,7.1137,7.1137,7.4565363,7.1137
1605965139,7.1137,7.1137,7.4565363,7.1137
1605965140,7.1137,7.1137,7.4565363,7.1137
1605965141,7.1137,7.1137,7.4565363,7.1137
1605965142,7.1137,7.1137,7.4565363,7.1137
1605965143,7.1137,7.1137,7.1137,7.1137
1605965144,7.1137,7.1137,7.1137,7.1137
1605965145,7.1137,7.1137,7.1137,7.1137
1605965146,7.1137,7.1137,7.1137,7.1137
1605965147,7.1137,7.1137,7.1137,7.1137
1605965148,7.1137,7.1137,7.1137,7.1137
1605965149,7.1137,7.1137,7.1137,7.1137
1605965150,7.1137,7.1137,7.1137,7.1137
1605965151,7.1137,7.1137,7.1137,7.1137
1605965152,7.1137,7.1137,7.1137,7.1137
1605965153,7.1137,7.1137,7.1137,7.1137
1605965154,7.1137,7.1137,7.1137,7.1137
1605965155,7.1137,7.1137,7.1137,7.1137
1605965156,7.1137,7.1137,7.1137,7.1137
1605965157,7.1137,7.1137,7.1137,7.1137
1605965158,7.1137,7.1137,7.1137,7.1137
1605965159,7.1137,7.1137,7.1137,7.1137
1605965160,7.1137,7.1137,7.1137,7.1137
1605965161,7.1137,7.1137,7.1137,7.1137
1605965162,7.1137,7.1137,7.1137,7.1137
1605965163,7.1137,7.1137,7.1137,7.1137
1605965164,7.1137,7.1137,7.1137,7.1137
1605965165,7.1137,7.1137,7.1137,7.1137
1605965166,7.1137,7.1137,7.1137,7.1137
1605965167,7.1137,7.1137,7.1137,7.1137
1605965168,7.1137,7.1137,7.1137,7.1137
1605965169,7.1137,7.1137,7.1137,7.1137
1605965170,7.1137,7.1137,7.1137,7.1137
1605965171,7.1137,7.1137,7.1137,7.1137
1605965172,7.1137,7.1137,7.1137,7.1137
1605965173,7.1137,7.1137,7.1137,7.1137
1605965174,7.1137,7.1137,7.1137,7.1137
1605965175,7.1137,7.1137,7.1137,7.1137
1605965176,7.1137,7.1137,7.1137,7.1137
1605965177,7.1137,7.1137,7.1137,7.1137
1605965178,7.1137,7.1137,7.1137,7.1137
1605965179,7.1137,7.1137,7.1137,7.1137
1605965180,7.1137,7.1137,7.1137,7.1137
1605965181,7.1137,7.1137,7.1137,7.1137
1605965182,7.1137,7.1137,7.1137,7.1137
1605965183,7.1137,7.1137,7.1137,7.1137
1605965184,7.1137,7.1137,7.1137,7.1137
1605965185,7.1137,7.1137,7.1137,7.1137
1605965186,7.1137,7.1137,7.1137,7.1137
1605965187,7.1137,7.1137,7.1137,7.1137
1605965188,7.1137,7.1137,7.1137,7.1137
1605965189,7.1137,7.1137,7.1137,7.1137
1605965190,7.1137,7.1137,7.1137,7.1137
1605965191,7.1137,7.1137,7.1137,7.1137
1605965192,7.1137,7.1137,7.1137,7.1137
1605965193,7.1137,7.1137,7.1137,7.1137
1605965194,7.1137,7.1137,7.1137,7.1137
1605965195,7.1137,7.1137,7.1137,7.1137
1605965196,7.1137,7.1137,7.1137,7.1137
1605965197,7.1137,7.1137,7.1137,7.1137
1605965198,7.1137,7.1137,7.1137,7.1137
1605965199,7.1137,7.1137,7.1137,7.1137
1605965200,7.1137,7.1137,7.1137,7.1137
1605965201,7.1137,7.1137,7.1137,7.1137
1605965202,7.1137,7.1137,7.1137,7.1137
1605965203,7.1137,7.1137,7.1137,7.1137
1605965204,7.1137,7.1137,7.1137,7.1137
1605965205,7.1137,7.1137,7.1137,7.1137
1605965206,7.1137,7.1137,7.1137,7.1137
1605965207,7.1137,7.1137,7.4565363,7.1137
1605965208,7.1137,7.1137,7.4565363,7.1137
1605965209,7.1137,7.1137,7.4565363,7.1137
1605965210,7.1137,7.1137,7.4565363,7.1137
1605965211,7.1137,7.1137,5.3615685,7.1137
1605965212,7.1137,7.1137,5.3615685,7.1137
1605965213,7.1137,7.1137,5.3615685,7.1137
1605965214,7.1137,7.1137,5.3615685,7.1137
1605965215,7.1137,7.1137,5.3615685,7.1137
1605965216,7.1137,7.1137,5.3615685,7.1137
1605965217,7.1137,7.1137,5.3615685,7.1137
1605965218,7.1137,7.1137,5.3615685,7.1137
1605965219,7.1137,7.1137,5.3615685,7.1137
1605965220,7.1137,7.1137,5.3615685,7.1137
1605965221,7.1137,7.1137,5.3615685,7.1137
1605965222,7.1137,7.1137,5.3615685,7.1137
1605965223,7.1137,7.1137,5.3615685,7.1137
1605965224,7.1137,7.1137,5.3615685,7.1137
1605965225,7.1137,7.1137,5.3615685,7.1137
1605965226,7.1137,7.1137,5.3615685,7.1137
1605965227,7.1137,7.1137,5.3615685,7.1137
1605965228,7.1137,7.1137,5.3615685,7.1137
1605965229,7.1137,7.1137,5.3615685,7.1137
1605965230,7.1137,7.1137,5.3615685,7.1137
1605965231,7.1137,7.1137,5.3615685,7.1137
1605965232,7.1137,7.1137,7.4565363,7.1137
1605965233,7.1137,7.1137,7.4565363,7.1137
1605965234,7.1137,7.1137,7.4565363,7.1137
1605965235,7.1137,7.1137,7.4565363,7.1137
1605965236,7.1137,7.1137,7.4565363,7.1137
1605965237,7.1137,7.1137,7.1137,7.1137
1605965238,7.1137,7.1137,7.1137,7.1137
1605965239,7.1137,7.1137,7.1137,7.1137
1605965240,7.1137,7.1137,7.1137,7.1137
1605965241,7.1137,7.1137,7.1137,7.1137
1605965242,7.1137,7.1137,7.1137,7.1137
1605965243,7.1137,7.1137,7.4565363,7.1137
1605965244,7.1137,7.1137,7.4565363,7.1137
1605965245,7.1137,7.1137,7.4565363,7.1137
1605965246,7.1137,7.1137,7.4565363,7.1137
1605965247,7.1137,7.1137,7.4565363,7.1137
1605965248,7.1137,7.1137,7.4565363,7.1137
1605965249,7.1137,7.1137,7.4565363,7.1137
1605965250,7.1137,7.1137,7.4565363,7.1137
1605965251,7.1137,7.1137,7.4565363,7.1137
1605965252,7.1137,7.1137,7.4565363,7.1137
1605965253,7.1137,7.1137,7.4565363,7.1137
1605965254,7.1137,7.1137,7.4565363,7.1137
1605965255,7.1137,7.1137,7.4565363,7.1137
1605965256,7.1137,7.1137,7.4565363,7.1137
1605965257,7.1137,7.1137,7.4565363,7.1137
1605965258,7.1137,7.1137,7.4565363,7.1137
1605965259,7.1137,7.1137,7.4565363,7.1137
1605965260,7.1137,7.1137,7.4565363,7.1137
1605965261,7.1137,7.1137,7.4565363,7.1137
1605965262,7.1137,7.1137,7.4565363,7.1137
1605965263,7.1137,7.1137,7.4565363,7.1137
1605965264,7.1137,7.1137,7.4565363,7.1137
1605965265,7.1137,7.1137,7.4565363,7.1137
1605965266,7.1137,7.1137,7.4565363,7.1137
1605965267,7.1137,7.1137,7.1137,7.1137
1605965268,7.1137,7.1137,7.1137,7.1137
1605965269,7.1137,7.1137,7.1137,7.1137
1605965270,7.1137,7.1137,7.1137,7.1137
1605965271,7.1137,7.1137,7.1137,7.1137
1605965272,7.1137,7.1137,7.1137,7.1137
1605965273,7.1137,7.1137,7.1137,7.1137
1605965274,7.1137,7.1137,7.1137,7.1137
1605965275,7.1137,7.1137,7.1137,7.1137
1605965276,7.1137,7.1137,7.1137,7.1137
1605965277,7.1137,7.1137,7.4565363,7.1137
1605965278,7.1137,7.1137,7.4565363,7.1137
1605965279,7.1137,7.1137,7.4565363,7.1137
1605965280,7.1137,7.1137,7.4565363,7.1137
1605965281,7.1137,7.1137,5.3615685,7.1137
1605965282,7.1137,7.1137,5.3615685,7.1137
1605965283,7.1137,7.1137,5.3615685,7.1137
1605965284,7.1137,7.1137,5.3615685,7.1137
1605965285,7.1137,7.1137,5.3615685,7.1137
1605965286,7.1137,7.1137,5.3615685,7.1137
1605965287,7.1137,7.1137,5.3615685,7.1137
1605965288,7.1137,7.1137,5.3615685,7.1137
1605965289,7.1137,7.1137,5.3615685,7.1137
1605965290,7.1137,7.1137,5.3615685,7.1137
1605965291,7.1137,7.1137,5.3615685,7.1137
1605965292,7.1137,7.1137,5.3615685,7.1137
1605965293,7.1137,7.1137,5.3615685,7.1137
1605965294,7.1137,7.1137,5.3615685,7.1137
1605965295,7.1137,7.1137,5.3615685,7.1137
1605965296,7.1137,7.1137,5.3615685,7.1137
1605965297,7.1137,7.1137,5.3615685,7.1137
1605965298,7.1137,7.1137,5.3615685,7.1137
1605965299,7.1137,7.1137,5.3615685,7.1137
1605965300,7.1137,7.1137,5.3615685,7.1137
1605965301,7.1137,7.1137,5.3615685,7.1137
1605965302,7.1137,7.1137,5.3615685,7.1137
1605965303,7.1137,7.1137,5.3615685,7.1137
1605965304,7.1137,7.1137,5.3615685,7.1137
1605965305,7.1137,7.1137,5.3615685,7.1137
1605965306,7.1137,7.1137,5.3615685,7.1137
1605965307,7.1137,7.1137,5.3615685,7.1137
1605965308,7.1137,7.1137,5.3615685,7.1137
1605965309,7.1137,7.1137,5.3615685,7.1137
1605965310,7.1137,7.1137,7.4565363,7.1137
1605965311,7.1137,7.1137,7.4565363,7.1137
1605965312,7.1137,7.1137,7.4565363,7.1137
1605965313,7.1137,7.1137,7.4565363,7.1137
1605965314,7.1137,7.1137,7.4565363,7.1137
1605965315,7.1137,7.1137,7.4565363,7.1137
1605965316,7.1137,7.1137,7.4565363,7.1137
1605965317,7.1137,7.1137,7.4565363,7.1137
1605965318,7.1137,7.1137,7.4565363,7.1137
1605965319,7.1137,7.1137,7.4565363,7.1137
1605965320,7.1137,7.1137,7.4565363,7.1137
1605965321,7.1137,7.1137,7.4565363,7.1137
1605965322,7.1137,7.1137,7.4565363,7.1137
1605965323,7.1137,7.1137,7.4565363,7.1137
1605965324,7.1137,7.1137,7.4565363,7.1137
1605965325,7.1137,7.1137,7.4565363,7.1137
1605965326,7.1137,7.1137,7.4565363,7.1137
1605965327,7.1137,7.1137,7.4565363,7.1137
1605965328,7.1137,7.1137,5.3615685,7.1137
1605965329,7.1137,7.1137,5.3615685,7.1137
1605965330,7.1137,7.1137,5.3615685,7.1137
1605965331,7.1137,7.1137,5.3615685,7.1137
1605965332,7.1137,7.1137,7.4179444,7.1137
1605965333,7.1137,7.1137,7.4179444,7.1137
1605965334,7.1137,7.1137,7.4179444,7.1137
1605965335,7.1137,7.1137,7.4179444,7.1137
1605965336,7.1137,7.1137,7.4179444,7.1137
1605965337,7.1137,7.1137,7.4179444,7.1137
1605965338,7.1137,7.1137,7.4179444,7.1137
1605965339,7.1137,7.1137,7.4179444,7.1137
1605965340,7.1137,7.1137,7.4179444,7.1137
1605965341,7.1137,7.1137,7.4179444,7.1137
1605965342,7.1137,7.1137,7.4179444,7.1137
1605965343,7.1137,7.1137,7.4179444,7.1137
1605965344,7.1137,7.1137,7.4179444,7.1137
1605965345,7.1137,7.1137,7.4179444,7.1137
1605965346,7.1137,7.1137,5.3615685,7.1137
1605965347,7.1137,7.1137,5.3615685,7.1137
1605965348,7.1137,7.1137,5.3615685,7.1137
1605965349,7.1137,7.1137,7.4179444,7.1137
1605965350,7.1137,7.1137,7.4179444,7.1137
1605965351,7.1137,7.1137,7.4179444,7.1137
1605965352,7.1137,7.1137,7.4179444,7.1137
1605965353,7.1137,7.1137,7.4179444,7.1137
1605965354,7.1137,7.1137,7.4179444,7.1137
1605965355,7.1137,7.1137,7.4179444,7.1137
1605965356,7.1137,7.1137,7.4179444,7.1137
1605965357,7.1137,7.1137,5.636161,7.1137
1605965358,7.1137,7.1137,5.636161,7.1137
1605965359,7.1137,7.1137,5.636161,7.1137
1605965360,7.1137,7.1137,5.636161,7.1137
1605965361,7.1137,7.1137,5.636161,7.1137
1605965362,7.1137,7.1137,5.636161,7.1137
1605965363,7.1137,7.1137,5.636161,7.1137
1605965364,7.1137,7.1137,5.636161,7.1137
1605965365,7.1137,7.1137,5.636161,7.1137
1605965366,7.1137,7.1137,5.636161,7.1137
1605965367,7.1137,7.1137,5.636161,7.1137
1605965368,7.1137,7.1137,7.4179444,7.1137
1605965369,7.1137,7.1137,7.4179444,7.1137
1605965370,7.1137,7.1137,7.4179444,7.1137
1605965371,7.1137,7.1137,7.4179444,7.1137
1605965372,7.1137,7.1137,7.4179444,7.1137
1605965373,7.1137,7.1137,5.3615685,7.1137
1605965374,7.1137,7.1137,5.3615685,7.1137
1605965375,7.1137,7.1137,5.3615685,7.1137
1605965376,7.1137,7.1137,5.3615685,7.1137
1605965377,7.1137,7.1137,5.3615685,7.1137
1605965378,7.1137,7.1137,5.3615685,7.1137
1605965379,7.1137,7.1137,5.3615685,7.1137
1605965380,7.1137,7.1137,7.4565363,7.1137
1605965381,7.1137,7.1137,7.4565363,7.1137
1605965382,7.1137,7.1137,7.4565363,7.1137
1605965383,7.1137,7.1137,7.4565363,7.1137
1605965384,7.1137,7.1137,7.4565363,7.1137
1605965385,7.1137,7.1137,7.4565363,7.1137
1605965386,7.1137,7.1137,7.4565363,7.1137
1605965387,7.1137,7.1137,5.3615685,7.1137
1605965388,7.1137,7.1137,5.3615685,7.1137
1605965389,7.1137,7.1137,5.3615685,7.1137
1605965390,7.1137,7.1137,5.3615685,7.1137
1605965391,7.1137,7.1137,5.3615685,7.1137
1605965392,7.1137,7.1137,5.3615685,7.1137
1605965393,7.1137,7.1137,5.3615685,7.1137
1605965394,7.1137,7.1137,5.3615685,7.1137
1605965395,7.1137,7.1137,5.3615685,7.1137
1605965396,7.1137,7.1137,5.3615685,7.1137
1605965397,7.1137,7.1137,5.3615685,7.1137
1605965398,7.1137,7.1137,5.3615685,7.1137
1605965399,7.1137,7.1137,5.3615685,7.1137
1605965400,7.1137,7.1137,5.3615685,7.1137
1605965401,7.1137,7.1137,5.3615685,7.1137
1605965402,7.1137,7.1137,5.3615685,7.1137
1605965403,7.1137,7.1137,5.3615685,7.1137
1605965404,7.1137,7.1137,5.3615685,7.1137
1605965405,7.1137,7.1137,5.3615685,7.1137
1605965406,7.1137,7.1137,5.3615685,7.1137
1605965407,7.1137,7.1137,5.3615685,7.1137
1605965408,7.1137,7.1137,5.3615685,7.1137
1605965409,7.1137,7.1137,5.3615685,7.1137
1605965410,7.1137,7.1137,5.3615685,7.1137
1605965411,7.1137,7.1137,5.3615685,7.1137
1605965412,7.1137,7.1137,5.3615685,7.1137
1605965413,7.1137,7.1137,5.3615685,7.1137
1605965414,7.1137,7.1137,7.4565363,7.1137
1605965415,7.1137,7.1137,7.4565363,7.1137
1605965416,7.1137,7.1137,7.4565363,7.1137
1605965417,7.1137,7.1137,7.4565363,7.1137
1605965418,7.1137,7.1137,7.4565363,7.1137
1605965419,7.1137,7.1137,7.4565363,7.1137
1605965420,7.1137,7.1137,7.4565363,7.1137
1605965421,7.1137,7.1137,7.4565363,7.1137
1605965422,7.1137,7.1137,7.4565363,7.1137
1605965423,7.1137,7.1137,5.3615685,7.1137
1605965424,7.1137,7.1137,5.3615685,7.1137
1605965425,7.1137,7.1137,5.3615685,7.1137
1605965426,7.1137,7.1137,5.3615685,7.1137
1605965427,7.1137,7.1137,5.3615685,7.1137
1605965428,7.1137,7.1137,5.3615685,7.1137
1605965429,7.1137,7.1137,5.3615685,7.1137
1605965430,7.1137,7.1137,5.3615685,7.1137
1605965431,7.1137,7.1137,5.3615685,7.1137
1605965432,7.1137,7.1137,5.3615685,7.1137
1605965433,7.1137,7.1137,5.3615685,7.1137
1605965434,7.1137,7.1137,5.3615685,7.1137
1605965435,7.1137,7.1137,5.3615685,7.1137
1605965436,7.1137,7.1137,5.3615685,7.1137
1605965437,7.1137,7.1137,5.3615685,7.1137
1605965438,7.1137,7.1137,5.3615685,7.1137
1605965439,7.1137,7.1137,5.3615685,7.1137
1605965440,7.1137,7.1137,5.3615685,7.1137
1605965441,7.1137,7.1137,5.3615685,7.1137
1605965442,7.1137,7.1137,7.4179444,7.1137
1605965443,7.1137,7.1137,7.4179444,7.1137
1605965444,7.1137,7.1137,7.4179444,7.1137
1605965445,7.1137,7.1137,5.3615685,7.1137
1605965446,7.1137,7.1137,5.3615685,7.1137
1605965447,7.1137,7.1137,5.3615685,7.1137
1605965448,7.1137,7.1137,5.3615685,7.1137
1605965449,7.1137,7.1137,5.3615685,7.1137
1605965450,7.1137,7.1137,5.3615685,7.1137
1605965451,7.1137,7.1137,5.3615685,7.1137
1605965452,7.1137,7.1137,7.4565363,7.1137
1605965453,7.1137,7.1137,7.4565363,7.1137
1605965454,7.1137,7.1137,7.4565363,7.1137
1605965455,7.1137,7.1137,7.4565363,7.1137
1605965456,7.1137,7.1137,7.4565363,7.1137
1605965457,7.1137,7.1137,7.4565363,7.1137
1605965458,7.1137,7.1137,7.4565363,7.1137
1605965459,7.1137,7.1137,7.4565363,7.1137
1605965460,7.1137,7.1137,7.4565363,7.1137
1605965461,7.1137,7.1137,7.4565363,7.1137
1605965462,7.1137,7.1137,7.4565363,7.1137
1605965463,7.1137,7.1137,7.4565363,7.1137
1605965464,7.1137,7.1137,7.4565363,7.1137
1605965465,7.1137,7.1137,7.4565363,7.1137
1605965466,7.1137,7.1137,7.4565363,7.1137
1605965467,7.1137,7.1137,7.4565363,7.1137
1605965468,7.1137,7.1137,7.4565363,7.1137
1605965469,7.1137,7.1137,7.4565363,7.1137
1605965470,7.1137,7.1137,7.4565363,7.1137
1605965471,7.1137,7.1137,7.4565363,7.1137
1605965472,7.1137,7.1137,7.4565363,7.1137
1605965473,7.1137,7.1137,7.4565363,7.1137
1605965474,7.1137,7.1137,7.4565363,7.1137
1605965475,7.1137,7.1137,7.4565363,7.1137
1605965476,7.1137,7.1137,7.4565363,7.1137
1605965477,7.1137,7.1137,7.4565363,7.1137
1605965478,7.1137,7.1137,7.4565363,7.1137
1605965479,7.1137,7.1137,7.4565363,7.1137
1605965480,7.1137,7.1137,7.4565363,7.1137
1605965481,7.1137,7.1137,7.4565363,7.1137
1605965482,7.1137,7.1137,7.4565363,7.1137
1605965483,7.1137,7.1137,7.4565363,7.1137
1605965484,7.1137,7.1137,7.4565363,7.1137
1605965485,7.1137,7.1137,7.4565363,7.1137
1605965486,7.1137,7.1137,7.4565363,7.1137
1605965487,7.1137,7.1137,7.4565363,7.1137
1605965488,7.1137,7.1137,7.4565363,7.1137
1605965489,7.1137,7.1137,7.4565363,7.1137
1605965490,7.1137,7.1137,7.4565363,7.1137
1605965491,7.1137,7.1137,7.4565363,7.1137
1605965492,7.1137,7.1137,7.4565363,7.1137
1605965493,7.1137,7.1137,7.4565363,7.1137
1605965494,7.1137,7.1137,7.4565363,7.1137
1605965495,7.1137,7.1137,7.4565363,7.1137
1605965496,7.1137,7.1137,7.4565363,7.1137
1605965497,7.1137,7.1137,7.4565363,7.1137
1605965498,7.1137,7.1137,7.4565363,7.1137
1605965499,7.1137,7.1137,7.4565363,7.1137
1605965500,7.1137,7.1137,7.4565363,7.1137
1605965501,7.1137,7.1137,7.4565363,7.1137
1605965502,7.1137,7.1137,7.4565363,7.1137
1605965503,7.1137,7.1137,7.4565363,7.1137
1605965504,7.1137,7.1137,7.4565363,7.1137
1605965505,7.1137,7.1137,7.4565363,7.1137
1605965506,7.1137,7.1137,5.3615685,7.1137
1605965507,7.1137,7.1137,5.3615685,7.1137
1605965508,7.1137,7.1137,5.3615685,7.1137
1605965509,7.1137,7.1137,5.3615685,7.1137
1605965510,7.1137,7.1137,7.4179444,7.1137
1605965511,7.1137,7.1137,7.4179444,7.1137
1605965512,7.1137,7.1137,7.4179444,7.1137
1605965513,7.1137,7.1137,7.4179444,7.1137
1605965514,7.1137,7.1137,7.4179444,7.1137
1605965515,7.1137,7.1137,7.4179444,7.1137
1605965516,7.1137,7.1137,7.4179444,7.1137
1605965517,7.1137,7.1137,7.4179444,7.1137
1605965518,7.1137,7.1137,7.4179444,7.1137
1605965519,7.1137,7.1137,7.4179444,7.1137
1605965520,7.1137,7.1137,7.4179444,7.1137
1605965521,7.1137,7.1137,7.4179444,7.1137
1605965522,7.1137,7.1137,7.4179444,7.1137
1605965523,7.1137,7.1137,7.4179444,7.1137
1605965524,7.1137,7.1137,7.4179444,7.1137
1605965525,7.1137,7.1137,7.4179444,7.1137
1605965526,7.1137,7.1137,7.4179444,7.1137
1605965527,7.1137,7.1137,7.4179444,7.1137
1605965528,7.1137,7.1137,7.4179444,7.1137
1605965529,7.1137,7.1137,7.4179444,7.1137
1605965530,7.1137,7.1137,7.4179444,7.1137
1605965531,7.1137,7.1137,7.4179444,7.1137
1605965532,7.1137,7.1137,7.4179444,7.1137
1605965533,7.1137,7.1137,7.4179444,7.1137
1605965534,7.1137,7.1137,7.4179444,7.1137
1605965535,7.1137,7.1137,7.4179444,7.1137
1605965536,7.1137,7.1137,7.4179444,7.1137
1605965537,7.4565363,7.1137,7.4179444,7.1137
1605965538,7.4565363,7.1137,7.4179444,7.1137
1605965539,7.4565363,7.1137,7.4179444,7.1137
1605965540,7.4565363,7.1137,7.4179444,7.1137
1605965541,7.4565363,7.1137,7.4179444,7.1137
1605965542,7.4565363,7.1137,7.4179444,7.1137
1605965543,7.4565363,7.1137,7.4179444,7.1137
1605965544,7.4565363,7.1137,7.4179444,7.1137
1605965545,7.4565363,7.1137,7.4179444,7.1137
1605965546,7.4565363,7.1137,7.4179444,7.1137
1605965547,7.4565363,7.1137,7.4179444,7.1137
1605965548,7.1137,7.1137,7.4179444,7.1137
1605965549,7.1137,7.1137,7.4179444,7.1137
1605965550,7.1137,7.1137,7.4179444,7.1137
1605965551,7.1137,7.1137,7.4179444,7.1137
1605965552,7.1137,7.1137,7.4179444,7.1137
1605965553,7.1137,7.1137,7.4179444,7.1137
1605965554,7.1137,7.1137,7.4179444,7.1137
1605965555,7.1137,7.1137,7.4179444,7.1137
1605965556,7.1137,7.1137,7.4179444,7.1137
1605965557,7.1137,7.1137,7.4179444,7.1137
1605965558,7.1137,7.1137,7.4179444,7.1137
1605965559,7.1137,7.1137,7.4179444,7.1137
1605965560,7.1137,7.1137,7.4179444,7.1137
1605965561,7.1137,7.1137,7.4179444,7.1137
1605965562,7.1137,7.1137,7.4179444,7.1137
1605965563,7.1137,7.1137,7.4179444,7.1137
1605965564,7.1137,7.1137,7.4179444,7.1137
1605965565,7.1137,7.1137,7.4179444,7.1137
1605965566,7.1137,7.1137,7.4179444,7.1137
1605965567,7.1137,7.1137,5.3615685,7.1137
1605965568,7.1137,7.1137,5.3615685,7.1137
1605965569,7.1137,7.1137,5.3615685,7.1137
1605965570,7.1137,7.1137,5.3615685,7.1137
1605965571,7.1137,7.1137,5.3615685,7.1137
1605965572,7.1137,7.1137,7.4565363,7.1137
1605965573,7.1137,7.1137,7.4565363,7.1137
1605965574,7.1137,7.1137,5.3615685,7.1137
1605965575,7.1137,7.1137,5.3615685,7.1137
1605965576,7.1137,7.1137,5.3615685,7.1137
1605965577,7.1137,7.1137,5.3615685,7.1137
1605965578,7.1137,7.1137,5.3615685,7.1137
1605965579,7.1137,7.1137,5.3615685,7.1137
1605965580,7.1137,7.1137,5.3615685,7.1137
1605965581,7.1137,7.1137,5.3615685,7.1137
1605965582,7.1137,7.1137,5.3615685,7.1137
1605965583,7.1137,7.1137,5.3615685,7.1137
1605965584,7.1137,7.1137,5.3615685,7.1137
1605965585,7.1137,7.1137,5.3615685,7.1137
1605965586,7.1137,7.1137,5.3615685,7.1137
1605965587,7.1137,7.1137,5.3615685,7.1137
1605965588,7.1137,7.1137,7.4179444,7.1137
1605965589,7.1137,7.1137,7.4179444,7.1137
1605965590,7.1137,7.1137,7.4179444,7.1137
1605965591,7.1137,7.1137,7.4179444,7.1137
1605965592,7.1137,7.1137,7.4179444,7.1137
1605965593,7.1137,7.1137,7.4179444,7.1137
1605965594,7.1137,7.1137,5.636161,7.1137
1605965595,7.1137,7.1137,5.636161,7.1137
1605965596,7.1137,7.1137,5.636161,7.1137
1605965597,7.1137,7.1137,5.636161,7.1137
1605965598,7.1137,7.1137,5.636161,7.1137
1605965599,7.1137,7.1137,7.4179444,7.1137
1605965600,7.1137,7.1137,7.4179444,7.1137
1605965601,7.1137,7.1137,7.4179444,7.1137
1605965602,7.1137,7.1137,7.4179444,7.1137
1605965603,7.1137,7.1137,7.4179444,7.1137
1605965604,7.1137,7.1137,5.3615685,7.1137
1605965605,7.1137,7.1137,5.3615685,7.1137
1605965606,7.1137,7.1137,5.3615685,7.1137
1605965607,7.1137,7.1137,5.3615685,7.1137
1605965608,7.1137,7.1137,5.3615685,7.1137
1605965609,7.1137,7.1137,5.3615685,7.1137
1605965610,7.1137,7.1137,5.3615685,7.1137
1605965611,7.1137,7.1137,5.3615685,7.1137
1605965612,7.1137,7.1137,5.3615685,7.1137
1605965613,7.1137,7.1137,7.4179444,7.1137
1605965614,7.1137,7.1137,7.4179444,7.1137
1605965615,7.1137,7.1137,7.4179444,7.1137
1605965616,7.1137,7.1137,7.4179444,7.1137
1605965617,7.1137,7.1137,5.3615685,7.1137
1605965618,7.1137,7.1137,5.3615685,7.1137
1605965619,7.1137,7.1137,5.3615685,7.1137
1605965620,7.1137,7.1137,5.3615685,7.1137
1605965621,7.1137,7.1137,5.3615685,7.1137
1605965622,7.1137,7.1137,5.3615685,7.1137
1605965623,7.1137,7.1137,5.3615685,7.1137
1605965624,7.1137,7.1137,7.4565363,7.1137
1605965625,7.1137,7.1137,7.4565363,7.1137
1605965626,7.1137,7.1137,7.4565363,7.1137
1605965627,7.1137,7.1137,7.4565363,7.1137
1605965628,7.1137,7.1137,7.4565363,7.1137
1605965629,7.1137,7.1137,7.4565363,7.1137
1605965630,7.1137,7.1137,7.4565363,7.1137
1605965631,7.1137,7.1137,7.1137,7.1137
1605965632,7.1137,7.1137,7.4565363,7.1137
1605965633,7.1137,7.1137,7.4565363,7.1137
1605965634,7.1137,7.1137,7.4565363,7.1137
1605965635,7.1137,7.1137,7.4565363,7.1137
1605965636,7.1137,7.1137,7.4565363,7.1137
1605965637,7.1137,7.1137,7.4565363,7.1137
1605965638,7.1137,7.1137,7.4565363,7.1137
1605965639,7.1137,7.1137,7.4565363,7.1137
1605965640,7.1137,7.1137,7.4565363,7.1137
1605965641,7.1137,7.1137,7.4565363,7.1137
1605965642,7.1137,7.1137,7.4565363,7.1137
1605965643,7.1137,7.1137,7.4565363,7.1137
1605965644,7.1137,7.1137,7.4565363,7.1137
1605965645,7.1137,7.1137,7.4565363,7.1137
1605965646,7.1137,7.1137,7.4565363,7.1137
1605965647,7.1137,7.1137,7.4565363,7.1137
1605965648,7.1137,7.1137,7.1137,7.1137
1605965649,7.1137,7.1137,7.1137,7.1137
1605965650,7.1137,7.1137,7.1137,7.1137
1605965651,7.1137,7.1137,7.1137,7.1137
1605965652,7.1137,7.1137,7.1137,7.1137
1605965653,7.1137,7.1137,7.1137,7.1137
1605965654,7.1137,7.1137,7.1137,7.1137
1605965655,7.1137,7.1137,7.1137,7.1137
1605965656,7.1137,7.1137,7.1137,7.1137
1605965657,7.1137,7.1137,7.1137,7.1137
1605965658,7.1137,7.1137,7.1137,7.1137
1605965659,7.1137,7.1137,7.1137,7.1137
1605965660,7.1137,7.1137,7.1137,7.1137
1605965661,7.1137,7.1137,7.1137,7.1137
1605965662,7.1137,7.1137,7.1137,7.1137
1605965663,7.1137,7.1137,7.1137,7.1137
1605965664,7.1137,7.1137,7.1137,7.1137
1605965665,7.1137,7.1137,7.1137,7.1137
1605965666,7.1137,7.1137,7.1137,7.1137
1605965667,7.1137,7.1137,7.1137,7.1137
1605965668,7.1137,7.1137,7.4565363,7.1137
1605965669,7.1137,7.1137,7.4565363,7.1137
1605965670,7.1137,7.1137,7.4565363,7.1137
1605965671,7.1137,7.1137,7.4565363,7.1137
1605965672,7.1137,7.1137,5.3615685,7.1137
1605965673,7.1137,7.1137,5.3615685,7.1137
1605965674,7.1137,7.1137,5.3615685,7.1137
1605965675,7.1137,7.1137,5.3615685,7.1137
1605965676,7.1137,7.1137,5.3615685,7.1137
1605965677,7.1137,7.1137,5.3615685,7.1137
1605965678,7.1137,7.1137,5.3615685,7.1137
1605965679,7.1137,7.1137,7.4565363,7.1137
1605965680,7.1137,7.1137,7.4565363,7.1137
1605965681,7.1137,7.1137,7.4565363,7.1137
1605965682,7.1137,7.1137,7.1137,7.1137
1605965683,7.1137,7.1137,7.1137,7.1137
1605965684,7.1137,7.1137,7.1137,7.1137
1605965685,7.1137,7.1137,7.1137,7.1137
1605965686,7.1137,7.1137,7.1137,7.1137
1605965687,7.1137,7.1137,7.1137,7.1137
1605965688,7.1137,7.1137,7.1137,7.1137
1605965689,7.1137,7.1137,7.1137,7.1137
1605965690,7.1137,7.1137,7.1137,7.1137
1605965691,7.1137,7.1137,7.1137,7.1137
1605965692,7.1137,7.1137,7.1137,7.1137
1605965693,7.1137,7.1137,7.1137,7.1137
1605965694,7.1137,7.1137,7.1137,7.1137
1605965695,7.1137,7.1137,7.1137,7.1137
1605965696,7.1137,7.1137,7.1137,7.1137
1605965697,7.1137,7.1137,7.1137,7.1137
1605965698,7.1137,7.1137,7.1137,7.1137
1605965699,7.1137,7.1137,7.1137,7.1137
1605965700,7.1137,7.1137,7.1137,7.1137
1605965701,7.1137,7.1137,7.1137,7.1137
1605965702,7.1137,7.1137,7.1137,7.1137
1605965703,7.1137,7.1137,7.1137,7.1137
1605965704,7.1137,7.1137,7.1137,7.1137
1605965705,7.1137,7.1137,7.1137,7.1137
1605965706,7.1137,7.1137,7.1137,7.1137
1605965707,7.1137,7.1137,7.1137,7.1137
1605965708,7.1137,7.1137,7.1137,7.1137
1605965709,7.1137,7.1137,7.1137,7.1137
1605965710,7.1137,7.1137,7.1137,7.1137
1605965711,7.1137,7.1137,7.1137,7.1137
1605965712,7.1137,7.1137,7.1137,7.1137
1605965713,7.1137,7.1137,7.1137,7.1137
1605965714,7.1137,7.1137,7.1137,7.1137
1605965715,7.1137,7.1137,7.1137,7.1137
1605965716,7.1137,7.1137,7.1137,7.1137
1605965717,7.1137,7.1137,7.1137,7.1137
1605965718,7.1137,7.1137,7.1137,7.1137
1605965719,7.1137,7.1137,7.1137,7.1137
1605965720,7.1137,7.1137,7.1137,7.1137
1605965721,7.1137,7.1137,7.1137,7.1137
1605965722,7.1137,7.1137,7.1137,7.1137
1605965723,7.1137,7.1137,7.1137,7.1137
1605965724,7.1137,7.1137,7.1137,7.1137
1605965725,7.1137,7.1137,7.1137,7.1137
1605965726,7.1137,7.1137,7.1137,7.1137
1605965727,7.1137,7.1137,7.1137,7.1137
1605965728,7.1137,7.1137,7.1137,7.1137
1605965729,7.1137,7.1137,7.4565363,7.1137
1605965730,7.1137,7.1137,7.4565363,7.1137
1605965731,7.1137,7.1137,7.4565363,7.1137
1605965732,7.1137,7.1137,7.4565363,7.1137
1605965733,7.1137,7.1137,7.4565363,7.1137
1605965734,7.1137,7.1137,7.4565363,7.1137
1605965735,7.1137,7.1137,7.4565363,7.1137
1605965736,7.1137,7.1137,7.4565363,7.1137
1605965737,7.1137,7.1137,7.4565363,7.1137
1605965738,7.1137,7.1137,7.4565363,7.1137
1605965739,7.1137,7.1137,7.4565363,7.1137
1605965740,7.1137,7.1137,7.4565363,7.1137
1605965741,7.1137,7.1137,7.4565363,7.1137
1605965742,7.1137,7.1137,7.4565363,7.1137
1605965743,7.1137,7.1137,7.4565363,7.1137
1605965744,7.1137,7.1137,7.4565363,7.1137
1605965745,7.1137,7.1137,7.4565363,7.1137
1605965746,7.1137,7.1137,7.4565363,7.1137
1605965747,7.1137,7.1137,7.4565363,7.1137
1605965748,7.1137,7.1137,7.4565363,7.1137
1605965749,7.1137,7.1137,7.4565363,7.1137
1605965750,7.1137,7.1137,7.4565363,7.1137
1605965751,7.1137,7.1137,7.4565363,7.1137
1605965752,7.1137,7.1137,7.4565363,7.1137
1605965753,7.1137,7.1137,7.4565363,7.1137
1605965754,7.1137,7.1137,7.4565363,7.1137
1605965755,7.1137,7.1137,7.4565363,7.1137
1605965756,7.1137,7.1137,7.4565363,7.1137
1605965757,7.1137,7.1137,7.4565363,7.1137
1605965758,7.1137,7.1137,7.4565363,7.1137
1605965759,7.1137,7.1137,7.4565363,7.1137
1605965760,7.1137,7.1137,7.4565363,7.1137
1605965761,7.1137,7.1137,7.4565363,7.1137
1605965762,7.1137,7.1137,7.4565363,7.1137
1605965763,7.1137,7.1137,7.4565363,7.1137
1605965764,7.1137,7.1137,7.4565363,7.1137
1605965765,7.1137,7.1137,7.4565363,7.1137
1605965766,7.1137,7.1137,7.4565363,7.1137
1605965767,7.1137,7.1137,7.4565363,7.1137
1605965768,7.1137,7.1137,7.4565363,7.1137
1605965769,7.1137,7.1137,7.4565363,7.1137
1605965770,7.1137,7.1137,7.4565363,7.1137
1605965771,7.1137,7.1137,5.3615685,7.1137
1605965772,7.1137,7.1137,5.3615685,7.1137
1605965773,7.1137,7.1137,5.3615685,7.1137
1605965774,7.1137,7.1137,5.3615685,7.1137
1605965775,7.1137,7.1137,5.3615685,7.1137
1605965776,7.1137,7.1137,7.4179444,7.1137
1605965777,7.1137,7.1137,7.4179444,7.1137
1605965778,7.1137,7.1137,7.4179444,7.1137
1605965779,7.1137,7.1137,7.4179444,7.1137
1605965780,7.1137,7.1137,7.4179444,7.1137
1605965781,7.1137,7.1137,7.4179444,7.1137
1605965782,7.1137,7.1137,7.4179444,7.1137
1605965783,7.1137,7.1137,7.4179444,7.1137
1605965784,7.1137,7.1137,5.3615685,7.1137
1605965785,7.1137,7.1137,5.3615685,7.1137
1605965786,7.1137,7.1137,5.3615685,7.1137
1605965787,7.1137,7.1137,5.3615685,7.1137
1605965788,7.1137,7.1137,5.3615685,7.1137
1605965789,7.1137,7.1137,5.3615685,7.1137
1605965790,7.1137,7.1137,5.3615685,7.1137
1605965791,7.1137,7.1137,5.3615685,7.1137
1605965792,7.1137,7.1137,5.3615685,7.1137
1605965793,7.1137,7.1137,5.3615685,7.1137
1605965794,7.1137,7.1137,7.4179444,7.1137
1605965795,7.1137,7.1137,7.4179444,7.1137
1605965796,7.1137,7.1137,7.4179444,7.1137
1605965797,7.1137,7.1137,5.636161,7.1137
1605965798,7.1137,7.1137,5.636161,7.1137
1605965799,7.1137,7.1137,5.636161,7.1137
1605965800,7.1137,7.1137,5.636161,7.1137
1605965801,7.1137,7.1137,5.636161,7.1137
1605965802,7.1137,7.1137,5.636161,7.1137
1605965803,7.1137,7.1137,5.636161,7.1137
1605965804,7.1137,7.1137,7.4179444,7.1137
1605965805,7.1137,7.1137,7.4179444,7.1137
1605965806,7.4565363,7.1137,7.4179444,7.1137
1605965807,7.4565363,7.1137,7.4179444,7.1137
1605965808,7.4565363,7.1137,5.3615685,7.1137
1605965809,7.1137,7.1137,5.3615685,7.1137
1605965810,7.1137,7.1137,5.3615685,7.1137
1605965811,7.1137,7.1137,5.3615685,7.1137
1605965812,7.1137,7.1137,5.3615685,7.1137
1605965813,7.1137,7.1137,7.4565363,7.1137
1605965814,7.1137,7.1137,7.4565363,7.1137
1605965815,7.1137,7.1137,7.4565363,7.1137
1605965816,7.1137,7.1137,7.4565363,7.1137
1605965817,7.1137,7.1137,7.4565363,7.1137
1605965818,7.1137,7.1137,7.4565363,7.1137
1605965819,7.1137,7.1137,7.4565363,7.1137
1605965820,7.1137,7.1137,7.4565363,7.1137
1605965821,7.1137,7.1137,7.4565363,7.1137
1605965822,7.1137,7.1137,7.4565363,7.1137
1605965823,7.1137,7.1137,5.3615685,7.1137
1605965824,7.1137,7.1137,5.3615685,7.1137
1605965825,7.1137,7.1137,5.3615685,7.1137
1605965826,7.1137,7.1137,5.3615685,7.1137
1605965827,7.1137,7.1137,5.3615685,7.1137
1605965828,7.1137,7.1137,5.3615685,7.1137
1605965829,7.1137,7.1137,5.3615685,7.1137
1605965830,7.1137,7.1137,5.3615685,7.1137
1605965831,7.1137,7.1137,5.3615685,7.1137
1605965832,7.1137,7.1137,5.3615685,7.1137
1605965833,7.1137,7.1137,5.3615685,7.1137
1605965834,7.1137,7.1137,5.3615685,7.1137
1605965835,7.1137,7.1137,5.3615685,7.1137
1605965836,7.1137,7.1137,5.3615685,7.1137
1605965837,7.1137,7.1137,5.3615685,7.1137
1605965838,7.1137,7.1137,5.3615685,7.1137
1605965839,7.1137,7.1137,5.3615685,7.1137
1605965840,7.1137,7.1137,5.3615685,7.1137
1605965841,7.1137,7.1137,5.3615685,7.1137
1605965842,7.1137,7.1137,5.3615685,7.1137
1605965843,7.1137,7.1137,5.3615685,7.1137
1605965844,7.1137,7.1137,7.4179444,7.1137
1605965845,7.1137,7.1137,7.4179444,7.1137
1605965846,7.1137,7.1137,7.4179444,7.1137
1605965847,7.1137,7.1137,7.4179444,7.1137
1605965848,7.1137,7.1137,7.4179444,7.1137
1605965849,7.1137,7.1137,7.4179444,7.1137
1605965850,7.1137,7.1137,7.4179444,7.1137
1605965851,7.1137,7.1137,7.4179444,7.1137
1605965852,7.1137,7.1137,7.4179444,7.1137
1605965853,7.1137,7.1137,7.4179444,7.1137
1605965854,7.1137,7.1137,7.4179444,7.1137
1605965855,7.1137,7.1137,7.4179444,7.1137
1605965856,7.1137,7.1137,5.3615685,7.1137
1605965857,7.1137,7.1137,5.3615685,7.1137
1605965858,7.1137,7.1137,5.3615685,7.1137
1605965859,7.1137,7.1137,5.3615685,7.1137
1605965860,7.1137,7.1137,5.3615685,7.1137
1605965861,7.1137,7.1137,5.3615685,7.1137
1605965862,7.1137,7.1137,5.3615685,7.1137
1605965863,7.1137,7.1137,5.3615685,7.1137
1605965864,7.1137,7.1137,5.3615685,7.1137
1605965865,7.1137,7.1137,5.3615685,7.1137
1605965866,7.1137,7.1137,5.3615685,7.1137
1605965867,7.1137,7.1137,5.3615685,7.1137
1605965868,7.1137,7.1137,5.3615685,7.1137
1605965869,7.1137,7.1137,5.3615685,7.1137
1605965870,7.1137,7.1137,5.3615685,7.1137
1605965871,7.1137,7.1137,5.3615685,7.1137
1605965872,7.1137,7.1137,5.3615685,7.1137
1605965873,7.1137,7.1137,5.3615685,7.1137
1605965874,7.1137,7.1137,5.3615685,7.1137
1605965875,7.1137,7.1137,5.3615685,7.1137
1605965876,7.1137,7.1137,5.3615685,7.1137
1605965877,7.1137,7.1137,7.4179444,7.1137
1605965878,7.1137,7.1137,7.4179444,7.1137
1605965879,7.1137,7.1137,7.4179444,7.1137
1605965880,7.1137,7.1137,7.4179444,7.1137
1605965881,7.1137,7.1137,7.4179444,7.1137
1605965882,7.1137,7.1137,7.4179444,7.1137
1605965883,7.1137,7.1137,7.4179444,7.1137
1605965884,7.1137,7.1137,7.4179444,7.1137
1605965885,7.1137,7.1137,7.4179444,7.1137
1605965886,7.1137,7.1137,7.4179444,7.1137
1605965887,7.1137,7.1137,7.4179444,7.1137
1605965888,7.1137,7.1137,7.4179444,7.1137
1605965889,7.1137,7.1137,7.4179444,7.1137
1605965890,7.1137,7.1137,7.4179444,7.1137
1605965891,7.1137,7.1137,5.3615685,7.1137
1605965892,7.1137,7.1137,5.3615685,7.1137
1605965893,7.1137,7.1137,5.3615685,7.1137
1605965894,7.1137,7.1137,5.3615685,7.1137
1605965895,7.1137,7.1137,5.3615685,7.1137
1605965896,7.1137,7.1137,5.3615685,7.1137
1605965897,7.1137,7.1137,5.3615685,7.1137
1605965898,7.1137,7.1137,5.3615685,7.1137
1605965899,7.1137,7.1137,5.3615685,7.1137
1605965900,7.1137,7.1137,5.3615685,7.1137
1605965901,7.1137,7.1137,5.3615685,7.1137
1605965902,7.1137,7.1137,5.3615685,7.1137
1605965903,7.1137,7.1137,5.3615685,7.1137
1605965904,7.1137,7.1137,5.3615685,7.1137
1605965905,7.1137,7.1137,5.3615685,7.1137
1605965906,7.1137,7.1137,5.3615685,7.1137
1605965907,7.1137,7.1137,5.3615685,7.1137
1605965908,7.1137,7.1137,5.3615685,7.1137
1605965909,7.1137,7.1137,5.3615685,7.1137
1605965910,7.1137,7.1137,5.3615685,7.1137
1605965911,7.1137,7.1137,5.3615685,7.1137
1605965912,7.1137,7.1137,5.3615685,7.1137
1605965913,7.1137,7.1137,5.3615685,7.1137
1605965914,7.1137,7.1137,7.4565363,7.1137
1605965915,7.1137,7.1137,7.4565363,7.1137
1605965916,7.1137,7.1137,7.4565363,7.1137
1605965917,7.1137,7.1137,7.4565363,7.1137
1605965918,7.1137,7.1137,5.3615685,7.1137
1605965919,7.1137,7.1137,5.3615685,7.1137
1605965920,7.1137,7.1137,5.3615685,7.1137
1605965921,7.1137,7.1137,5.3615685,7.1137
1605965922,7.1137,7.1137,5.3615685,7.1137
1605965923,7.1137,7.1137,5.3615685,7.1137
1605965924,7.1137,7.1137,5.3615685,7.1137
1605965925,7.1137,7.1137,5.3615685,7.1137
1605965926,7.1137,7.1137,5.3615685,7.1137
1605965927,7.1137,7.1137,5.3615685,7.1137
1605965928,7.1137,7.1137,5.3615685,7.1137
1605965929,7.1137,7.1137,5.3615685,7.1137
1605965930,7.1137,7.1137,5.3615685,7.1137
1605965931,7.1137,7.1137,5.3615685,7.1137
1605965932,7.1137,7.1137,7.4179444,7.1137
1605965933,7.1137,7.1137,7.4179444,7.1137
1605965934,7.1137,7.1137,7.4179444,7.1137
1605965935,7.1137,7.1137,5.636161,7.1137
1605965936,7.1137,7.1137,5.636161,7.1137
1605965937,7.1137,7.1137,5.636161,7.1137
1605965938,7.1137,7.1137,5.749982,7.1137
1605965939,7.1137,7.1137,5.749982,7.1137
1605965940,7.1137,7.1137,5.749982,7.1137
1605965941,7.1137,7.1137,5.749982,7.1137
1605965942,7.1137,7.1137,5.749982,7.1137
1605965943,7.1137,7.1137,5.749982,7.1137
1605965944,7.1137,7.1137,7.4179444,7.1137
1605965945,7.1137,7.1137,7.4179444,7.1137
1605965946,7.1137,7.1137,7.4179444,7.1137
1605965947,7.1137,7.1137,7.4179444,7.1137
1605965948,7.1137,7.1137,7.4179444,7.1137
1605965949,7.1137,7.1137,7.4179444,7.1137
1605965950,7.1137,7.1137,7.4179444,7.1137
1605965951,7.1137,7.1137,5.3615685,7.1137
1605965952,7.1137,7.1137,5.3615685,7.1137
1605965953,7.1137,7.1137,5.3615685,7.1137
1605965954,7.1137,7.1137,5.3615685,7.1137
1605965955,7.1137,7.1137,5.3615685,7.1137
1605965956,7.1137,7.1137,5.3615685,7.1137
1605965957,7.1137,7.1137,5.3615685,7.1137
1605965958,7.1137,7.1137,5.3615685,7.1137
1605965959,7.1137,7.1137,5.3615685,7.1137
1605965960,7.1137,7.1137,5.3615685,7.1137
1605965961,7.1137,7.1137,5.3615685,7.1137
1605965962,7.1137,7.1137,7.4179444,7.1137
1605965963,7.1137,7.1137,7.4179444,7.1137
1605965964,7.1137,7.1137,7.4179444,7.1137
1605965965,7.1137,7.1137,7.4179444,7.1137
1605965966,7.1137,7.1137,7.4179444,7.1137
1605965967,7.1137,7.1137,7.4179444,7.1137
1605965968,7.1137,7.1137,7.4179444,7.1137
1605965969,7.1137,7.1137,7.4179444,7.1137
1605965970,7.1137,7.1137,7.4179444,7.1137
1605965971,7.1137,7.1137,7.4179444,7.1137
1605965972,7.1137,7.1137,7.4179444,7.1137
1605965973,7.1137,7.1137,7.4179444,7.1137
1605965974,7.1137,7.1137,7.4179444,7.1137
1605965975,7.1137,7.1137,7.4179444,7.1137
1605965976,7.1137,7.1137,7.4179444,7.1137
1605965977,7.1137,7.1137,7.4179444,7.1137
1605965978,7.1137,7.1137,7.4179444,7.1137
1605965979,7.1137,7.1137,7.4179444,7.1137
1605965980,7.1137,7.1137,7.4179444,7.1137
1605965981,7.1137,7.1137,7.4179444,7.1137
1605965982,7.1137,7.1137,7.4179444,7.1137
1605965983,7.1137,7.1137,7.4179444,7.1137
1605965984,7.1137,7.1137,7.4179444,7.1137
1605965985,7.1137,7.1137,5.3615685,7.1137
1605965986,7.1137,7.1137,5.3615685,7.1137
1605965987,7.1137,7.1137,5.3615685,7.1137
1605965988,7.1137,7.1137,5.3615685,7.1137
1605965989,7.1137,7.1137,5.3615685,7.1137
1605965990,7.1137,7.1137,5.3615685,7.1137
1605965991,7.1137,7.1137,5.3615685,7.1137
1605965992,7.1137,7.1137,7.4565363,7.1137
1605965993,7.1137,7.1137,7.4565363,7.1137
1605965994,7.1137,7.1137,7.4565363,7.1137
1605965995,7.1137,7.1137,7.4565363,7.1137
1605965996,7.1137,7.1137,7.4565363,7.1137
1605965997,7.1137,7.1137,7.4565363,7.1137
1605965998,7.1137,7.1137,5.3615685,7.1137
1605965999,7.1137,7.1137,5.3615685,7.1137
1605966000,7.1137,7.1137,5.3615685,7.1137
1605966001,7.1137,7.1137,5.3615685,7.1137
1605966002,7.1137,7.1137,5.3615685,7.1137
1605966003,7.1137,7.1137,5.3615685,7.1137
1605966004,7.1137,7.1137,5.3615685,7.1137
1605966005,7.1137,7.1137,5.3615685,7.1137
1605966006,7.1137,7.1137,5.3615685,7.1137
1605966007,7.1137,7.1137,5.3615685,7.1137
1605966008,7.1137,7.1137,5.3615685,7.1137
1605966009,7.1137,7.1137,5.3615685,7.1137
1605966010,7.1137,7.1137,5.3615685,7.1137
1605966011,7.1137,7.1137,5.3615685,7.1137
1605966012,7.1137,7.1137,5.3615685,7.1137
1605966013,7.1137,7.1137,5.3615685,7.1137
1605966014,7.1137,7.1137,5.3615685,7.1137
1605966015,7.1137,7.1137,5.3615685,7.1137
1605966016,7.1137,7.1137,5.3615685,7.1137
1605966017,7.1137,7.1137,5.3615685,7.1137
1605966018,7.1137,7.1137,5.3615685,7.1137
1605966019,7.1137,7.1137,5.3615685,7.1137
1605966020,7.1137,7.1137,5.3615685,7.1137
1605966021,7.1137,7.1137,5.3615685,7.1137
1605966022,7.1137,7.1137,5.3615685,7.1137
1605966023,7.1137,7.1137,5.3615685,7.1137
1605966024,7.1137,7.1137,5.3615685,7.1137
1605966025,7.1137,7.1137,5.3615685,7.1137
1605966026,7.1137,7.1137,5.3615685,7.1137
1605966027,7.1137,7.1137,5.3615685,7.1137
1605966028,7.1137,7.1137,5.3615685,7.1137
1605966029,7.1137,7.1137,5.3615685,7.1137
1605966030,7.1137,7.1137,7.4565363,7.1137
1605966031,7.1137,7.1137,7.4565363,7.1137
1605966032,7.1137,7.1137,7.4565363,7.1137
1605966033,7.1137,7.1137,7.4565363,7.1137
1605966034,7.1137,7.1137,7.4565363,7.1137
1605966035,7.1137,7.1137,7.4565363,7.1137
1605966036,7.1137,7.1137,7.4565363,7.1137
1605966037,7.1137,7.1137,7.4565363,7.1137
1605966038,7.1137,7.1137,7.4565363,7.1137
1605966039,7.1137,7.1137,7.4565363,7.1137
1605966040,7.1137,7.1137,7.4565363,7.1137
1605966041,7.1137,7.1137,7.4565363,7.1137
1605966042,7.1137,7.1137,7.4565363,7.1137
1605966043,7.1137,7.1137,5.3615685,7.1137
1605966044,7.1137,7.1137,7.4565363,7.1137
1605966045,7.1137,7.1137,7.4565363,7.1137
1605966046,7.1137,7.1137,7.4565363,7.1137
1605966047,7.1137,7.1137,7.4565363,7.1137
1605966048,7.1137,7.1137,7.4565363,7.1137
1605966049,7.1137,7.1137,7.4565363,7.1137
1605966050,7.1137,7.1137,7.4565363,7.1137
1605966051,7.1137,7.1137,7.4565363,7.1137
1605966052,7.1137,7.1137,7.4565363,7.1137
1605966053,7.1137,7.1137,7.4565363,7.1137
1605966054,7.1137,7.1137,7.4565363,7.1137
1605966055,7.1137,7.1137,7.4565363,7.1137
1605966056,7.1137,7.1137,7.4565363,7.1137
1605966057,7.1137,7.1137,7.4565363,7.1137
1605966058,7.1137,7.1137,7.4565363,7.1137
1605966059,7.1137,7.1137,7.4565363,7.1137
1605966060,7.1137,7.1137,7.4565363,7.1137
1605966061,7.1137,7.1137,7.4565363,7.1137
1605966062,7.1137,7.1137,7.4565363,7.1137
1605966063,7.1137,7.1137,7.4565363,7.1137
1605966064,7.1137,7.1137,5.3615685,7.1137
1605966065,7.1137,7.1137,5.3615685,7.1137
1605966066,7.1137,7.1137,5.3615685,7.1137
1605966067,7.1137,7.1137,7.4179444,7.1137
1605966068,7.1137,7.1137,7.4179444,7.1137
1605966069,7.1137,7.1137,7.4179444,7.1137
1605966070,7.1137,7.1137,7.4179444,7.1137
1605966071,7.1137,7.1137,7.4179444,7.1137
1605966072,7.1137,7.1137,7.4179444,7.1137
1605966073,7.1137,7.1137,7.4179444,7.1137
1605966074,7.1137,7.1137,7.4179444,7.1137
1605966075,7.1137,7.1137,7.4179444,7.1137
1605966076,7.1137,7.1137,7.4179444,7.1137
1605966077,7.1137,7.1137,7.4179444,7.1137
1605966078,7.1137,7.1137,7.4179444,7.1137
1605966079,7.1137,7.1137,7.4179444,7.1137
1605966080,7.1137,7.1137,5.3615685,7.1137
1605966081,7.1137,7.1137,5.3615685,7.1137
1605966082,7.1137,7.1137,5.3615685,7.1137
1605966083,7.1137,7.1137,5.3615685,7.1137
1605966084,7.1137,7.1137,5.3615685,7.1137
1605966085,7.1137,7.1137,5.3615685,7.1137
1605966086,7.1137,7.1137,5.3615685,7.1137
1605966087,7.1137,7.1137,5.3615685,7.1137
1605966088,7.1137,7.1137,5.3615685,7.1137
1605966089,7.1137,7.1137,5.3615685,7.1137
1605966090,7.1137,7.1137,5.3615685,7.1137
1605966091,7.1137,7.1137,5.3615685,7.1137
1605966092,7.1137,7.1137,5.3615685,7.1137
1605966093,7.1137,7.1137,5.3615685,7.1137
1605966094,7.1137,7.1137,5.3615685,7.1137
1605966095,7.1137,7.1137,5.3615685,7.1137
1605966096,7.1137,7.1137,5.3615685,7.1137
1605966097,7.1137,7.1137,5.3615685,7.1137
1605966098,7.1137,7.1137,5.3615685,7.1137
1605966099,7.1137,7.1137,5.3615685,7.1137
1605966100,7.1137,7.1137,7.4179444,7.1137
1605966101,7.1137,7.1137,7.4179444,7.1137
1605966102,7.1137,7.1137,7.4179444,7.1137
1605966103,7.1137,7.1137,7.4179444,7.1137
1605966104,7.1137,7.1137,7.4179444,7.1137
1605966105,7.1137,7.1137,7.4179444,7.1137
1605966106,7.1137,7.1137,7.4179444,7.1137
1605966107,7.1137,7.1137,7.4179444,7.1137
1605966108,7.1137,7.1137,7.4179444,7.1137
1605966109,7.1137,7.1137,7.4179444,7.1137
1605966110,7.1137,7.1137,7.4179444,7.1137
1605966111,7.1137,7.1137,7.4179444,7.1137
1605966112,7.1137,7.1137,7.4179444,7.1137
1605966113,7.1137,7.1137,7.4179444,7.1137
1605966114,7.1137,7.1137,7.4179444,7.1137
1605966115,7.1137,7.1137,7.4179444,7.1137
1605966116,7.1137,7.1137,7.4179444,7.1137
1605966117,7.1137,7.1137,7.4179444,7.1137
1605966118,7.1137,7.1137,7.4179444,7.1137
1605966119,7.1137,7.1137,7.4179444,7.1137
1605966120,7.1137,7.1137,7.4179444,7.1137
1605966121,7.1137,7.1137,7.4179444,7.1137
1605966122,7.1137,7.1137,7.4179444,7.1137
1605966123,7.1137,7.1137,7.4179444,7.1137
1605966124,7.1137,7.1137,7.4179444,7.1137
1605966125,7.1137,7.1137,7.4179444,7.1137
1605966126,7.1137,7.1137,7.4179444,7.1137
1605966127,7.1137,7.1137,7.4179444,7.1137
1605966128,7.1137,7.1137,7.4179444,7.1137
1605966129,7.1137,7.1137,7.4179444,7.1137
1605966130,7.1137,7.1137,7.4179444,7.1137
1605966131,7.1137,7.1137,7.4179444,7.1137
1605966132,7.1137,7.1137,7.4179444,7.1137
1605966133,7.1137,7.1137,7.4179444,7.1137
1605966134,7.1137,7.1137,7.4179444,7.1137
1605966135,7.1137,7.1137,7.4179444,7.1137
1605966136,7.1137,7.1137,7.4179444,7.1137
1605966137,7.1137,7.1137,7.4179444,7.1137
1605966138,7.1137,7.1137,7.4179444,7.1137
1605966139,7.1137,7.1137,7.4179444,7.1137
1605966140,7.1137,7.1137,7.4179444,7.1137
1605966141,7.1137,7.1137,5.3615685,7.1137
1605966142,7.1137,7.1137,5.3615685,7.1137
1605966143,7.1137,7.1137,5.3615685,7.1137
1605966144,7.1137,7.1137,5.3615685,7.1137
1605966145,7.1137,7.1137,5.3615685,7.1137
1605966146,7.1137,7.1137,5.3615685,7.1137
1605966147,7.1137,7.1137,5.3615685,7.1137
1605966148,7.1137,7.1137,5.3615685,7.1137
1605966149,7.1137,7.1137,5.3615685,7.1137
1605966150,7.1137,7.1137,5.3615685,7.1137
1605966151,7.1137,7.1137,7.4179444,7.1137
1605966152,7.1137,7.1137,7.4179444,7.1137
1605966153,7.1137,7.1137,7.4179444,7.1137
1605966154,7.1137,7.1137,5.636161,7.1137
1605966155,7.1137,7.1137,5.636161,7.1137
1605966156,7.1137,7.1137,5.749982,7.1137
1605966157,7.1137,7.1137,5.749982,7.1137
1605966158,7.1137,7.1137,5.2459974,7.1137
1605966159,7.1137,7.1137,5.2459974,7.1137
1605966160,7.1137,7.1137,5.2459974,7.1137
1605966161,7.1137,7.1137,5.2459974,7.1137
1605966162,7.1137,7.1137,5.2459974,7.1137
1605966163,7.1137,7.1137,5.749982,7.1137
1605966164,7.1137,7.1137,5.749982,7.1137
1605966165,7.1137,7.1137,5.749982,7.1137
1605966166,7.1137,7.1137,5.636161,7.1137
1605966167,7.1137,7.1137,5.636161,7.1137
1605966168,7.1137,7.1137,7.4179444,7.1137
1605966169,7.4565363,7.1137,7.4179444,7.1137
1605966170,7.4565363,7.1137,7.4179444,7.1137
1605966171,7.1137,7.1137,7.4179444,7.1137
1605966172,7.1137,7.1137,7.4179444,7.1137
1605966173,7.1137,7.1137,7.4179444,7.1137
1605966174,7.1137,7.1137,7.4179444,7.1137
1605966175,7.1137,7.1137,7.4179444,7.1137
1605966176,7.1137,7.1137,7.4179444,7.1137
1605966177,7.1137,7.1137,7.4179444,7.1137
1605966178,7.1137,7.1137,7.4179444,7.1137
1605966179,7.1137,7.1137,7.4179444,7.1137
1605966180,7.1137,7.1137,7.4179444,7.1137
1605966181,7.1137,7.1137,7.4179444,7.1137
1605966182,7.1137,7.1137,5.636161,7.1137
1605966183,7.1137,7.1137,5.636161,7.1137
1605966184,7.1137,7.1137,5.636161,7.1137
1605966185,7.1137,7.1137,5.636161,7.1137
1605966186,7.1137,7.1137,5.636161,7.1137
1605966187,7.1137,7.1137,5.636161,7.1137
1605966188,7.1137,7.1137,5.636161,7.1137
1605966189,7.1137,7.1137,5.636161,7.1137
1605966190,7.1137,7.1137,5.636161,7.1137
1605966191,7.1137,7.1137,5.636161,7.1137
1605966192,7.1137,7.1137,5.636161,7.1137
1605966193,7.1137,7.1137,5.636161,7.1137
1605966194,7.1137,7.1137,7.4179444,7.1137
1605966195,7.1137,7.1137,7.4179444,7.1137
1605966196,7.1137,7.1137,7.4179444,7.1137
1605966197,7.1137,7.1137,7.4179444,7.1137
1605966198,7.1137,7.1137,7.4179444,7.1137
1605966199,7.1137,7.1137,7.4179444,7.1137
1605966200,7.1137,7.1137,7.4179444,7.1137
1605966201,7.1137,7.1137,7.4179444,7.1137
1605966202,7.1137,7.1137,7.4179444,7.1137
1605966203,7.1137,7.1137,7.4179444,7.1137
1605966204,7.1137,7.1137,7.4179444,7.1137
1605966205,7.1137,7.1137,7.4179444,7.1137
1605966206,7.1137,7.1137,7.4179444,7.1137
1605966207,7.1137,7.1137,7.4179444,7.1137
1605966208,7.1137,7.1137,7.4179444,7.1137
1605966209,7.1137,7.1137,7.4179444,7.1137
1605966210,7.1137,7.1137,7.4179444,7.1137
1605966211,7.1137,7.1137,7.4179444,7.1137
1605966212,7.1137,7.1137,7.4179444,7.1137
1605966213,7.1137,7.1137,7.4179444,7.1137
1605966214,7.1137,7.1137,7.4179444,7.1137
1605966215,7.1137,7.1137,7.4179444,7.1137
1605966216,7.1137,7.1137,7.4179444,7.1137
1605966217,7.1137,7.1137,7.4179444,7.1137
1605966218,7.1137,7.1137,7.4179444,7.1137
1605966219,7.1137,7.1137,7.4179444,7.1137
1605966220,7.1137,7.1137,7.4179444,7.1137
1605966221,7.1137,7.1137,7.4179444,7.1137
1605966222,7.1137,7.1137,7.4179444,7.1137
1605966223,7.1137,7.1137,7.4179444,7.1137
1605966224,7.1137,7.1137,7.4179444,7.1137
1605966225,7.1137,7.1137,7.4179444,7.1137
1605966226,7.1137,7.1137,7.4179444,7.1137
1605966227,7.1137,7.1137,7.4179444,7.1137
1605966228,7.1137,7.1137,7.4179444,7.1137
1605966229,7.1137,7.1137,7.4179444,7.1137
1605966230,7.1137,7.1137,7.4179444,7.1137
1605966231,7.1137,7.1137,7.4179444,7.1137
1605966232,7.1137,7.1137,7.4179444,7.1137
1605966233,7.1137,7.1137,7.4179444,7.1137
1605966234,7.1137,7.1137,7.4179444,7.1137
1605966235,7.1137,7.1137,7.4179444,7.1137
1605966236,7.1137,7.1137,7.4179444,7.1137
1605966237,7.1137,7.1137,7.4179444,7.1137
1605966238,7.1137,7.1137,7.4179444,7.1137
1605966239,7.1137,7.1137,7.4179444,7.1137
1605966240,7.1137,7.1137,7.4179444,7.1137
1605966241,7.1137,7.1137,7.4179444,7.1137
1605966242,7.1137,7.1137,7.4179444,7.1137
1605966243,7.1137,7.1137,7.4179444,7.1137
1605966244,7.1137,7.1137,7.4179444,7.1137
1605966245,7.1137,7.1137,7.4179444,7.1137
1605966246,7.1137,7.1137,7.4179444,7.1137
1605966247,7.1137,7.1137,7.4179444,7.1137
1605966248,7.1137,7.1137,7.4179444,7.1137
1605966249,7.1137,7.1137,7.4179444,7.1137
1605966250,7.1137,7.1137,7.4179444,7.1137
1605966251,7.1137,7.1137,7.4179444,7.1137
1605966252,7.1137,7.1137,7.4179444,7.1137
1605966253,7.1137,7.1137,7.4179444,7.1137
1605966254,7.1137,7.1137,7.4179444,7.1137
1605966255,7.1137,7.1137,7.4179444,7.1137
1605966256,7.1137,7.1137,7.4179444,7.1137
1605966257,7.1137,7.1137,7.4179444,7.1137
1605966258,7.1137,7.1137,7.4179444,7.1137
1605966259,7.1137,7.1137,7.4179444,7.1137
1605966260,7.1137,7.1137,5.3615685,7.1137
1605966261,7.1137,7.1137,5.3615685,7.1137
1605966262,7.1137,7.1137,7.4179444,7.1137
1605966263,7.1137,7.1137,7.4179444,7.1137
1605966264,7.1137,7.1137,7.4179444,7.1137
1605966265,7.1137,7.1137,7.4179444,7.1137
1605966266,7.1137,7.1137,7.4179444,7.1137
1605966267,7.1137,7.1137,7.4179444,7.1137
1605966268,7.1137,7.1137,7.4179444,7.1137
1605966269,7.1137,7.1137,7.4179444,7.1137
1605966270,7.1137,7.1137,7.4179444,7.1137
1605966271,7.1137,7.1137,7.4179444,7.1137
1605966272,7.1137,7.1137,7.4179444,7.1137
1605966273,7.1137,7.1137,7.4179444,7.1137
1605966274,7.1137,7.1137,7.4179444,7.1137
1605966275,7.1137,7.1137,7.4179444,7.1137
1605966276,7.1137,7.1137,7.4179444,7.1137
1605966277,7.1137,7.1137,5.3615685,7.1137
1605966278,7.1137,7.1137,5.3615685,7.1137
1605966279,7.1137,7.1137,7.4179444,7.1137
1605966280,7.1137,7.1137,7.4179444,7.1137
1605966281,7.1137,7.1137,7.4179444,7.1137
1605966282,7.1137,7.1137,7.4179444,7.1137
1605966283,7.1137,7.1137,7.4179444,7.1137
1605966284,7.1137,7.1137,5.636161,7.1137
1605966285,7.1137,7.1137,5.636161,7.1137
1605966286,7.1137,7.1137,5.636161,7.1137
1605966287,7.1137,7.1137,5.636161,7.1137
1605966288,7.1137,7.1137,5.636161,7.1137
1605966289,7.1137,7.1137,5.636161,7.1137
1605966290,7.1137,7.1137,5.636161,7.1137
1605966291,7.1137,7.1137,5.636161,7.1137
1605966292,7.1137,7.1137,5.636161,7.1137
1605966293,7.1137,7.1137,5.636161,7.1137
1605966294,7.1137,7.1137,5.636161,7.1137
1605966295,7.1137,7.1137,7.4179444,7.1137
1605966296,7.1137,7.1137,7.4179444,7.1137
1605966297,7.1137,7.1137,7.4179444,7.1137
1605966298,7.1137,7.1137,7.4179444,7.1137
1605966299,7.1137,7.1137,7.4179444,7.1137
1605966300,7.1137,7.1137,7.4179444,7.1137
1605966301,7.1137,7.1137,7.4179444,7.1137
1605966302,7.1137,7.1137,7.4179444,7.1137
1605966303,7.1137,7.1137,7.4179444,7.1137
1605966304,7.1137,7.1137,7.4179444,7.1137
1605966305,7.1137,7.1137,5.3615685,7.1137
1605966306,7.1137,7.1137,5.3615685,7.1137
1605966307,7.1137,7.1137,5.3615685,7.1137
1605966308,7.1137,7.1137,5.3615685,7.1137
1605966309,7.1137,7.1137,5.3615685,7.1137
1605966310,7.1137,7.1137,7.4179444,7.1137
1605966311,7.1137,7.1137,7.4179444,7.1137
1605966312,7.1137,7.1137,7.4179444,7.1137
1605966313,7.1137,7.1137,5.636161,7.1137
1605966314,7.1137,7.1137,5.636161,7.1137
1605966315,7.1137,7.1137,5.749982,7.1137
1605966316,7.1137,7.1137,5.749982,7.1137
1605966317,7.1137,7.1137,5.749982,7.1137
1605966318,7.1137,7.1137,5.749982,7.1137
1605966319,7.1137,7.1137,5.749982,7.1137
1605966320,7.1137,7.1137,5.749982,7.1137
1605966321,7.1137,7.1137,5.749982,7.1137
1605966322,7.1137,7.1137,5.749982,7.1137
1605966323,7.1137,7.1137,5.749982,7.1137
1605966324,7.1137,7.1137,5.636161,7.1137
1605966325,7.1137,7.1137,5.636161,7.1137
1605966326,7.1137,7.1137,7.4179444,7.1137
1605966327,7.1137,7.1137,7.4179444,7.1137
1605966328,7.1137,7.1137,7.4179444,7.1137
1605966329,7.1137,7.1137,5.3615685,7.1137
1605966330,7.1137,7.1137,5.3615685,7.1137
1605966331,7.1137,7.1137,5.3615685,7.1137
1605966332,7.1137,7.1137,5.3615685,7.1137
1605966333,7.1137,7.1137,5.3615685,7.1137
1605966334,7.1137,7.1137,5.3615685,7.1137
1605966335,7.1137,7.1137,7.4179444,7.1137
1605966336,7.1137,7.1137,7.4179444,7.1137
1605966337,7.1137,7.1137,5.3615685,7.1137
1605966338,7.1137,7.1137,7.4179444,7.1137
1605966339,7.1137,7.1137,7.4179444,7.1137
1605966340,7.1137,7.1137,7.4179444,7.1137
1605966341,7.1137,7.1137,5.3615685,7.1137
1605966342,7.1137,7.1137,5.3615685,7.1137
1605966343,7.1137,7.1137,5.3615685,7.1137
1605966344,7.1137,7.1137,5.3615685,7.1137
1605966345,7.1137,7.1137,5.3615685,7.1137
1605966346,7.1137,7.1137,5.3615685,7.1137
1605966347,7.1137,7.1137,5.3615685,7.1137
1605966348,7.1137,7.1137,5.3615685,7.1137
1605966349,7.1137,7.1137,5.3615685,7.1137
1605966350,7.1137,7.1137,5.3615685,7.1137
1605966351,7.1137,7.1137,5.3615685,7.1137
1605966352,7.1137,7.1137,7.4179444,7.1137
1605966353,7.1137,7.1137,7.4179444,7.1137
1605966354,7.1137,7.1137,7.4179444,7.1137
1605966355,7.1137,7.1137,7.4179444,7.1137
1605966356,7.1137,7.1137,7.4179444,7.1137
1605966357,7.1137,7.1137,5.3615685,7.1137
1605966358,7.1137,7.1137,5.3615685,7.1137
1605966359,7.1137,7.1137,5.3615685,7.1137
1605966360,7.1137,7.1137,5.3615685,7.1137
1605966361,7.1137,7.1137,5.3615685,7.1137
1605966362,7.1137,7.1137,5.3615685,7.1137
1605966363,7.1137,7.1137,5.3615685,7.1137
1605966364,7.1137,7.1137,5.3615685,7.1137
1605966365,7.1137,7.1137,5.3615685,7.1137
1605966366,7.1137,7.1137,5.3615685,7.1137
1605966367,7.1137,7.1137,5.3615685,7.1137
1605966368,7.1137,7.1137,7.4179444,7.1137
1605966369,7.1137,7.1137,7.4179444,7.1137
1605966370,7.1137,7.1137,7.4179444,7.1137
1605966371,7.1137,7.1137,7.4179444,7.1137
1605966372,7.1137,7.1137,7.4179444,7.1137
1605966373,7.1137,7.1137,5.3615685,7.1137
1605966374,7.1137,7.1137,5.3615685,7.1137
1605966375,7.1137,7.1137,5.3615685,7.1137
1605966376,7.1137,7.1137,5.3615685,7.1137
1605966377,7.1137,7.1137,5.3615685,7.1137
1605966378,7.1137,7.1137,5.3615685,7.1137
1605966379,7.1137,7.1137,7.4565363,7.1137
1605966380,7.1137,7.1137,7.4565363,7.1137
1605966381,7.1137,7.1137,7.4565363,7.1137
1605966382,7.1137,7.1137,7.4565363,7.1137
1605966383,7.1137,7.1137,7.4565363,7.1137
1605966384,7.1137,7.1137,7.4565363,7.1137
1605966385,7.1137,7.1137,7.4565363,7.1137
1605966386,7.1137,7.1137,7.4565363,7.1137
1605966387,7.1137,7.1137,7.4565363,7.1137
1605966388,7.1137,7.1137,7.4565363,7.1137
1605966389,7.1137,7.1137,5.3615685,7.1137
1605966390,7.1137,7.1137,5.3615685,7.1137
1605966391,7.1137,7.1137,5.3615685,7.1137
1605966392,7.1137,7.1137,5.3615685,7.1137
1605966393,7.1137,7.1137,5.3615685,7.1137
1605966394,7.1137,7.1137,5.3615685,7.1137
1605966395,7.1137,7.1137,5.3615685,7.1137
1605966396,7.1137,7.1137,5.3615685,7.1137
1605966397,7.1137,7.1137,5.3615685,7.1137
1605966398,7.1137,7.1137,5.3615685,7.1137
1605966399,7.1137,7.1137,5.3615685,7.1137
1605966400,7.1137,7.1137,5.3615685,7.1137
1605966401,7.1137,7.1137,5.3615685,7.1137
1605966402,7.1137,7.1137,5.3615685,7.1137
1605966403,7.1137,7.1137,5.3615685,7.1137
1605966404,7.1137,7.1137,5.3615685,7.1137
1605966405,7.1137,7.1137,7.4179444,7.1137
1605966406,7.1137,7.1137,7.4179444,7.1137
1605966407,7.1137,7.1137,7.4179444,7.1137
1605966408,7.1137,7.1137,7.4179444,7.1137
1605966409,7.1137,7.1137,7.4179444,7.1137
1605966410,7.1137,7.1137,7.4179444,7.1137
1605966411,7.1137,7.1137,7.4179444,7.1137
1605966412,7.1137,7.1137,7.4179444,7.1137
1605966413,7.1137,7.1137,5.3615685,7.1137
1605966414,7.1137,7.1137,5.3615685,7.1137
1605966415,7.1137,7.1137,5.3615685,7.1137
1605966416,7.1137,7.1137,5.3615685,7.1137
1605966417,7.1137,7.1137,7.4565363,7.1137
1605966418,7.1137,7.1137,7.4565363,7.1137
1605966419,7.1137,7.1137,7.4565363,7.1137
1605966420,7.1137,7.1137,7.4565363,7.1137
1605966421,7.1137,7.1137,7.4565363,7.1137
1605966422,7.1137,7.1137,7.4565363,7.1137
1605966423,7.1137,7.1137,7.4565363,7.1137
1605966424,7.1137,7.1137,7.4565363,7.1137
1605966425,7.1137,7.1137,7.4565363,7.1137
1605966426,7.1137,7.1137,7.4565363,7.1137
1605966427,7.1137,7.1137,7.4565363,7.1137
1605966428,7.1137,7.1137,7.4565363,7.1137
1605966429,7.1137,7.1137,7.4565363,7.1137
1605966430,7.1137,7.1137,7.4565363,7.1137
1605966431,7.1137,7.1137,7.4565363,7.1137
1605966432,7.1137,7.1137,7.4565363,7.1137
1605966433,7.1137,7.1137,7.4565363,7.1137
1605966434,7.1137,7.1137,5.3615685,7.1137
1605966435,7.1137,7.1137,5.3615685,7.1137
1605966436,7.1137,7.1137,5.3615685,7.1137
1605966437,7.1137,7.1137,5.3615685,7.1137
1605966438,7.1137,7.1137,5.3615685,7.1137
1605966439,7.1137,7.1137,5.3615685,7.1137
1605966440,7.1137,7.1137,5.3615685,7.1137
1605966441,7.1137,7.1137,5.3615685,7.1137
1605966442,7.1137,7.1137,5.3615685,7.1137
1605966443,7.1137,7.1137,5.3615685,7.1137
1605966444,7.1137,7.1137,5.3615685,7.1137
1605966445,7.1137,7.1137,7.4179444,7.1137
1605966446,7.1137,7.1137,7.4179444,7.1137
1605966447,7.1137,7.1137,7.4179444,7.1137
1605966448,7.1137,7.1137,7.4179444,7.1137
1605966449,7.1137,7.1137,5.636161,7.1137
1605966450,7.1137,7.1137,5.636161,7.1137
1605966451,7.1137,7.1137,5.636161,7.1137
1605966452,7.1137,7.1137,5.636161,7.1137
1605966453,7.1137,7.1137,5.636161,7.1137
1605966454,7.1137,7.1137,5.636161,7.1137
1605966455,7.1137,7.1137,7.4179444,7.1137
1605966456,7.1137,7.1137,7.4179444,7.1137
1605966457,7.1137,7.1137,7.4179444,7.1137
1605966458,7.1137,7.1137,7.4179444,7.1137
1605966459,7.1137,7.1137,5.3615685,7.1137
1605966460,7.1137,7.1137,5.3615685,7.1137
1605966461,7.1137,7.1137,5.3615685,7.1137
1605966462,7.1137,7.1137,5.3615685,7.1137
1605966463,7.1137,7.1137,5.3615685,7.1137
1605966464,7.1137,7.1137,5.3615685,7.1137
1605966465,7.1137,7.1137,5.3615685,7.1137
1605966466,7.1137,7.1137,5.3615685,7.1137
1605966467,7.1137,7.1137,7.4179444,7.1137
1605966468,7.1137,7.1137,7.4179444,7.1137
1605966469,7.1137,7.1137,7.4179444,7.1137
1605966470,7.1137,7.1137,7.4179444,7.1137
1605966471,7.1137,7.1137,7.4179444,7.1137
1605966472,7.1137,7.1137,7.4179444,7.1137
1605966473,7.1137,7.1137,7.4179444,7.1137
1605966474,7.1137,7.1137,7.4179444,7.1137
1605966475,7.1137,7.1137,7.4179444,7.1137
1605966476,7.1137,7.1137,7.4179444,7.1137
1605966477,7.1137,7.1137,7.4179444,7.1137
1605966478,7.1137,7.1137,5.3615685,7.1137
1605966479,7.1137,7.1137,5.3615685,7.1137
1605966480,7.1137,7.1137,5.3615685,7.1137
1605966481,7.1137,7.1137,5.3615685,7.1137
1605966482,7.1137,7.1137,5.3615685,7.1137
1605966483,7.1137,7.1137,7.4565363,7.1137
1605966484,7.1137,7.1137,7.4565363,7.1137
1605966485,7.1137,7.1137,7.4565363,7.1137
1605966486,7.1137,7.1137,7.4565363,7.1137
1605966487,7.1137,7.1137,7.4565363,7.1137
1605966488,7.1137,7.1137,7.4565363,7.1137
1605966489,7.1137,7.1137,7.4565363,7.1137
1605966490,7.1137,7.1137,7.4565363,7.1137
1605966491,7.1137,7.1137,7.4565363,7.1137
1605966492,7.1137,7.1137,7.4565363,7.1137
1605966493,7.1137,7.1137,7.4565363,7.1137
1605966494,7.1137,7.1137,5.3615685,7.1137
1605966495,7.1137,7.1137,5.3615685,7.1137
1605966496,7.1137,7.1137,5.3615685,7.1137
1605966497,7.1137,7.1137,5.3615685,7.1137
1605966498,7.1137,7.1137,5.3615685,7.1137
1605966499,7.1137,7.1137,5.3615685,7.1137
1605966500,7.1137,7.1137,5.3615685,7.1137
1605966501,7.1137,7.1137,5.3615685,7.1137
1605966502,7.1137,7.1137,5.3615685,7.1137
1605966503,7.1137,7.1137,5.3615685,7.1137
1605966504,7.1137,7.1137,5.3615685,7.1137
1605966505,7.1137,7.1137,5.3615685,7.1137
1605966506,7.1137,7.1137,5.3615685,7.1137
1605966507,7.1137,7.1137,5.3615685,7.1137
1605966508,7.1137,7.1137,5.3615685,7.1137
1605966509,7.1137,7.1137,5.3615685,7.1137
1605966510,7.1137,7.1137,5.3615685,7.1137
1605966511,7.1137,7.1137,5.3615685,7.1137
1605966512,7.1137,7.1137,7.4179444,7.1137
1605966513,7.1137,7.1137,7.4179444,7.1137
1605966514,7.1137,7.1137,7.4179444,7.1137
1605966515,7.1137,7.1137,7.4179444,7.1137
1605966516,7.1137,7.1137,7.4179444,7.1137
1605966517,7.1137,7.1137,7.4179444,7.1137
1605966518,7.1137,7.1137,7.4179444,7.1137
1605966519,7.1137,7.1137,7.4179444,7.1137
1605966520,7.1137,7.1137,7.4179444,7.1137
1605966521,7.1137,7.1137,7.4179444,7.1137
1605966522,7.1137,7.1137,7.4179444,7.1137
1605966523,7.1137,7.1137,7.4179444,7.1137
1605966524,7.1137,7.1137,7.4179444,7.1137
1605966525,7.1137,7.1137,7.4179444,7.1137
1605966526,7.1137,7.1137,7.4179444,7.1137
1605966527,7.1137,7.1137,7.4179444,7.1137
1605966528,7.1137,7.1137,7.4179444,7.1137
1605966529,7.1137,7.1137,7.4179444,7.1137
1605966530,7.1137,7.1137,7.4179444,7.1137
1605966531,7.1137,7.1137,7.4179444,7.1137
1605966532,7.1137,7.1137,7.4179444,7.1137
1605966533,7.1137,7.1137,7.4179444,7.1137
1605966534,7.1137,7.1137,7.4179444,7.1137
1605966535,7.1137,7.1137,7.4179444,7.1137
1605966536,7.1137,7.1137,7.4179444,7.1137
1605966537,7.1137,7.1137,7.4179444,7.1137
1605966538,7.1137,7.1137,7.4179444,7.1137
1605966539,7.1137,7.1137,7.4179444,7.1137
1605966540,7.1137,7.1137,7.4179444,7.1137
1605966541,7.1137,7.1137,7.4179444,7.1137
1605966542,7.1137,7.1137,7.4179444,7.1137
1605966543,7.1137,7.1137,7.4179444,7.1137
1605966544,7.1137,7.1137,7.4179444,7.1137
1605966545,7.1137,7.1137,7.4179444,7.1137
1605966546,7.1137,7.1137,7.4179444,7.1137
1605966547,7.1137,7.1137,7.4179444,7.1137
1605966548,7.1137,7.1137,7.4179444,7.1137
1605966549,7.1137,7.1137,7.4179444,7.1137
1605966550,7.1137,7.1137,7.4179444,7.1137
1605966551,7.1137,7.1137,7.4179444,7.1137
1605966552,7.1137,7.1137,7.4179444,7.1137
1605966553,7.1137,7.1137,7.4179444,7.1137
1605966554,7.1137,7.1137,7.4179444,7.1137
1605966555,7.1137,7.1137,5.636161,7.1137
1605966556,7.1137,7.1137,5.636161,7.1137
1605966557,7.1137,7.1137,5.636161,7.1137
1605966558,7.1137,7.1137,5.636161,7.1137
1605966559,7.1137,7.1137,5.636161,7.1137
1605966560,7.1137,7.1137,5.749982,7.1137
1605966561,7.1137,7.1137,5.749982,7.1137
1605966562,7.1137,7.1137,5.636161,7.1137
1605966563,7.1137,7.1137,5.636161,7.1137
1605966564,7.1137,7.1137,5.636161,7.1137
1605966565,7.1137,7.1137,5.636161,7.1137
1605966566,7.1137,7.1137,5.749982,7.1137
1605966567,7.1137,7.1137,5.749982,7.1137
1605966568,7.1137,7.1137,5.749982,7.1137
1605966569,7.1137,7.1137,5.749982,7.1137
1605966570,7.1137,7.1137,5.2459974,7.1137
1605966571,7.1137,7.1137,5.2459974,7.1137
1605966572,7.1137,7.1137,5.2459974,7.1137
1605966573,7.1137,7.1137,5.2459974,7.1137
1605966574,7.1137,7.1137,5.2459974,7.1137
1605966575,7.1137,7.1137,5.749982,7.1137
1605966576,7.1137,7.1137,5.749982,7.1137
1605966577,7.1137,7.1137,5.749982,7.1137
1605966578,7.1137,7.1137,5.749982,7.1137
1605966579,7.1137,7.1137,5.636161,7.1137
1605966580,7.1137,7.1137,5.636161,7.1137
1605966581,7.1137,7.1137,5.636161,7.1137
1605966582,7.1137,7.1137,5.636161,7.1137
1605966583,7.1137,7.1137,5.636161,7.1137
1605966584,7.1137,7.1137,5.636161,7.1137
1605966585,7.1137,7.1137,5.636161,7.1137
1605966586,7.1137,7.1137,5.636161,7.1137
1605966587,7.1137,7.1137,5.636161,7.1137
1605966588,7.1137,7.1137,5.636161,7.1137
1605966589,7.1137,7.1137,5.636161,7.1137
1605966590,7.1137,7.1137,5.636161,7.1137
1605966591,7.1137,7.1137,5.636161,7.1137
1605966592,7.1137,7.1137,5.636161,7.1137
1605966593,7.1137,7.1137,5.636161,7.1137
1605966594,7.1137,7.1137,5.636161,7.1137
1605966595,7.1137,7.1137,5.636161,7.1137
1605966596,7.1137,7.1137,5.636161,7.1137
1605966597,7.1137,7.1137,5.749982,7.1137
1605966598,7.1137,7.1137,5.749982,7.1137
1605966599,7.1137,7.1137,5.749982,7.1137
1605966600,7.1137,7.1137,5.749982,7.1137
1605966601,7.1137,7.1137,5.749982,7.1137
1605966602,7.1137,7.1137,5.636161,7.1137
1605966603,7.1137,7.1137,5.636161,7.1137
1605966604,7.1137,7.1137,5.636161,7.1137
1605966605,7.1137,7.1137,5.636161,7.1137
1605966606,7.1137,7.1137,5.636161,7.1137
1605966607,7.1137,7.1137,5.636161,7.1137
1605966608,7.1137,7.1137,5.636161,7.1137
1605966609,7.1137,7.1137,5.636161,7.1137
1605966610,7.1137,7.1137,5.636161,7.1137
1605966611,7.1137,7.1137,5.636161,7.1137
1605966612,7.1137,7.1137,5.636161,7.1137
1605966613,7.1137,7.1137,5.636161,7.1137
1605966614,7.1137,7.1137,7.4179444,7.1137
1605966615,7.1137,7.1137,7.4179444,7.1137
1605966616,7.1137,7.1137,7.4179444,7.1137
1605966617,7.1137,7.1137,7.4179444,7.1137
1605966618,7.1137,7.1137,7.4179444,7.1137
1605966619,7.1137,7.1137,7.4179444,7.1137
1605966620,7.1137,7.1137,7.4179444,7.1137
1605966621,7.1137,7.1137,7.4179444,7.1137
1605966622,7.1137,7.1137,7.4179444,7.1137
1605966623,7.1137,7.1137,7.4179444,7.1137
1605966624,7.1137,7.1137,7.4179444,7.1137
1605966625,7.1137,7.1137,7.4179444,7.1137
1605966626,7.1137,7.1137,7.4179444,7.1137
1605966627,7.1137,7.1137,7.4179444,7.1137
1605966628,7.1137,7.1137,7.4179444,7.1137
1605966629,7.1137,7.1137,7.4179444,7.1137
1605966630,7.1137,7.1137,7.4179444,7.1137
1605966631,7.1137,7.1137,7.4179444,7.1137
1605966632,7.1137,7.1137,7.4179444,7.1137
1605966633,7.1137,7.1137,7.4179444,7.1137
1605966634,7.1137,7.1137,5.636161,7.1137
1605966635,7.1137,7.1137,5.636161,7.1137
1605966636,7.1137,7.1137,5.636161,7.1137
1605966637,7.1137,7.1137,5.636161,7.1137
1605966638,7.1137,7.1137,5.636161,7.1137
1605966639,7.1137,7.1137,5.749982,7.1137
1605966640,7.1137,7.1137,5.749982,7.1137
1605966641,7.1137,7.1137,5.749982,7.1137
1605966642,7.1137,7.1137,5.749982,7.1137
1605966643,7.1137,7.1137,5.749982,7.1137
1605966644,7.1137,7.1137,5.749982,7.1137
1605966645,7.1137,7.1137,5.2459974,7.1137
1605966646,7.1137,7.1137,5.2459974,7.1137
1605966647,7.1137,7.1137,5.2459974,7.1137
1605966648,7.1137,7.1137,5.2459974,7.1137
1605966649,7.1137,7.1137,5.2459974,7.1137
1605966650,7.1137,7.1137,5.2459974,7.1137
1605966651,7.1137,7.1137,5.2459974,7.1137
1605966652,7.1137,7.1137,5.2459974,7.1137
1605966653,7.1137,7.1137,5.2459974,7.1137
1605966654,7.1137,7.1137,5.2459974,7.1137
1605966655,7.1137,7.1137,5.2459974,7.1137
1605966656,7.1137,7.1137,5.749982,7.1137
1605966657,7.1137,7.1137,5.749982,7.1137
1605966658,7.1137,7.1137,5.749982,7.1137
1605966659,7.1137,7.1137,5.749982,7.1137
1605966660,7.1137,7.1137,5.749982,7.1137
1605966661,7.1137,7.1137,5.636161,7.1137
1605966662,7.1137,7.1137,5.636161,7.1137
1605966663,7.1137,7.1137,5.636161,7.1137
1605966664,7.1137,7.1137,5.636161,7.1137
1605966665,7.1137,7.1137,5.749982,7.1137
1605966666,7.1137,7.1137,5.749982,7.1137
1605966667,7.1137,7.1137,5.749982,7.1137
1605966668,7.1137,7.1137,5.749982,7.1137
1605966669,7.1137,7.1137,5.749982,7.1137
1605966670,7.1137,7.1137,5.749982,7.1137
1605966671,7.1137,7.1137,5.2459974,7.1137
1605966672,7.1137,7.1137,5.2459974,7.1137
1605966673,7.1137,7.1137,5.2459974,7.1137
1605966674,7.1137,7.1137,5.2459974,7.1137
1605966675,7.1137,7.1137,4.5661,7.1137
1605966676,7.1137,7.1137,4.5661,7.1137
1605966677,7.1137,7.1137,4.5661,7.1137
1605966678,7.1137,7.1137,4.5661,7.1137
1605966679,7.1137,7.1137,4.5661,7.1137
1605966680,7.1137,7.1137,4.5661,7.1137
1605966681,7.1137,7.1137,4.5661,7.1137
1605966682,7.1137,7.1137,4.5661,7.1137
1605966683,7.1137,7.1137,4.5661,7.1137
1605966684,7.1137,7.1137,4.5661,7.1137
1605966685,7.1137,7.1137,4.5661,7.1137
1605966686,7.1137,7.1137,4.5661,7.1137
1605966687,7.1137,7.1137,4.5661,7.1137
1605966688,7.1137,7.1137,5.2459974,7.1137
1605966689,7.1137,7.1137,5.2459974,7.1137
1605966690,7.1137,7.1137,5.2459974,7.1137
1605966691,7.1137,7.1137,5.749982,7.1137
1605966692,7.1137,7.1137,5.749982,7.1137
1605966693,7.1137,7.1137,5.749982,7.1137
1605966694,7.1137,7.1137,5.749982,7.1137
1605966695,7.1137,7.1137,5.749982,7.1137
1605966696,7.1137,7.1137,5.749982,7.1137
1605966697,7.1137,7.1137,5.749982,7.1137
1605966698,7.1137,7.1137,5.749982,7.1137
1605966699,7.1137,7.1137,5.749982,7.1137
1605966700,7.1137,7.1137,5.749982,7.1137
1605966701,7.1137,7.1137,5.749982,7.1137
1605966702,7.1137,7.1137,5.749982,7.1137
1605966703,7.1137,7.1137,5.749982,7.1137
1605966704,7.1137,7.1137,5.749982,7.1137
1605966705,7.1137,7.1137,5.749982,7.1137
1605966706,7.1137,7.1137,5.749982,7.1137
1605966707,7.1137,7.1137,5.749982,7.1137
1605966708,7.1137,7.1137,5.749982,7.1137
1605966709,7.1137,7.1137,5.749982,7.1137
1605966710,7.1137,7.1137,5.749982,7.1137
1605966711,7.1137,7.1137,5.749982,7.1137
1605966712,7.1137,7.1137,5.749982,7.1137
1605966713,7.1137,7.1137,5.749982,7.1137
1605966714,7.1137,7.1137,5.749982,7.1137
1605966715,7.1137,7.1137,5.749982,7.1137
1605966716,7.1137,7.1137,5.636161,7.1137
1605966717,7.1137,7.1137,5.636161,7.1137
1605966718,7.1137,7.1137,5.636161,7.1137
1605966719,7.1137,7.1137,5.636161,7.1137
1605966720,7.1137,7.1137,5.636161,7.1137
1605966721,7.1137,7.1137,5.636161,7.1137
1605966722,7.1137,7.1137,5.636161,7.1137
1605966723,7.1137,7.1137,7.4179444,7.1137
1605966724,7.4565363,7.1137,7.4179444,7.1137
1605966725,7.4565363,7.1137,7.4179444,7.1137
1605966726,7.4565363,7.1137,7.4179444,7.1137
1605966727,7.4565363,7.1137,5.3615685,7.1137
1605966728,7.4565363,7.1137,5.3615685,7.1137
1605966729,7.4565363,7.1137,5.3615685,7.1137
1605966730,7.4565363,7.1137,7.4565363,7.1137
1605966731,7.1137,7.1137,7.4565363,7.1137
1605966732,7.1137,7.1137,7.4565363,7.1137
1605966733,7.1137,7.1137,7.4565363,7.1137
1605966734,7.1137,7.1137,7.4565363,7.1137
1605966735,7.1137,7.1137,7.4565363,7.1137
1605966736,7.1137,7.1137,7.4565363,7.1137
1605966737,7.1137,7.1137,7.4565363,7.1137
1605966738,7.1137,7.1137,7.4565363,7.1137
1605966739,7.1137,7.1137,7.4565363,7.1137
1605966740,7.1137,7.1137,7.4565363,7.1137
1605966741,7.1137,7.1137,7.4565363,7.1137
1605966742,7.1137,7.1137,7.4565363,7.1137
1605966743,7.1137,7.1137,7.4565363,7.1137
1605966744,7.1137,7.1137,7.4565363,7.1137
1605966745,7.1137,7.1137,7.4565363,7.1137
1605966746,7.1137,7.1137,7.4565363,7.1137
1605966747,7.1137,7.1137,7.4565363,7.1137
1605966748,7.1137,7.1137,7.4565363,7.1137
1605966749,7.1137,7.1137,7.4565363,7.1137
1605966750,7.1137,7.1137,7.4565363,7.1137
1605966751,7.1137,7.1137,7.4565363,7.1137
1605966752,7.1137,7.1137,5.3615685,7.1137
1605966753,7.1137,7.1137,5.3615685,7.1137
1605966754,7.1137,7.1137,5.3615685,7.1137
1605966755,7.1137,7.1137,5.3615685,7.1137
1605966756,7.1137,7.1137,7.4179444,7.1137
1605966757,7.1137,7.1137,7.4179444,7.1137
1605966758,7.1137,7.1137,7.4179444,7.1137
1605966759,7.1137,7.1137,7.4179444,7.1137
1605966760,7.1137,7.1137,7.4179444,7.1137
1605966761,7.1137,7.1137,7.4179444,7.1137
1605966762,7.1137,7.1137,5.3615685,7.1137
1605966763,7.1137,7.1137,5.3615685,7.1137
1605966764,7.1137,7.1137,5.3615685,7.1137
1605966765,7.1137,7.1137,5.3615685,7.1137
1605966766,7.1137,7.1137,5.3615685,7.1137
1605966767,7.1137,7.1137,5.3615685,7.1137
1605966768,7.1137,7.1137,5.3615685,7.1137
1605966769,7.1137,7.1137,5.3615685,7.1137
1605966770,7.1137,7.1137,5.3615685,7.1137
1605966771,7.1137,7.1137,7.4179444,7.1137
1605966772,7.1137,7.1137,7.4179444,7.1137
1605966773,7.1137,7.1137,7.4179444,7.1137
1605966774,7.1137,7.1137,5.636161,7.1137
1605966775,7.1137,7.1137,5.636161,7.1137
1605966776,7.1137,7.1137,5.636161,7.1137
1605966777,7.1137,7.1137,5.636161,7.1137
1605966778,7.1137,7.1137,5.636161,7.1137
1605966779,7.1137,7.1137,5.636161,7.1137
1605966780,7.1137,7.1137,5.636161,7.1137
1605966781,7.1137,7.1137,5.636161,7.1137
1605966782,7.1137,7.1137,5.636161,7.1137
1605966783,7.1137,7.1137,7.4179444,7.1137
1605966784,7.1137,7.1137,7.4179444,7.1137
1605966785,7.1137,7.1137,7.4179444,7.1137
1605966786,7.1137,7.1137,7.4179444,7.1137
1605966787,7.1137,7.1137,7.4179444,7.1137
1605966788,7.1137,7.1137,7.4179444,7.1137
1605966789,7.1137,7.1137,7.4179444,7.1137
1605966790,7.1137,7.1137,7.4179444,7.1137
1605966791,7.1137,7.1137,5.636161,7.1137
1605966792,7.1137,7.1137,5.636161,7.1137
1605966793,7.1137,7.1137,5.636161,7.1137
1605966794,7.1137,7.1137,7.4179444,7.1137
1605966795,7.1137,7.1137,7.4179444,7.1137
1605966796,7.1137,7.1137,7.4179444,7.1137
1605966797,7.1137,7.1137,7.4179444,7.1137
1605966798,7.1137,7.1137,7.4179444,7.1137
1605966799,7.1137,7.1137,5.3615685,7.1137
1605966800,7.1137,7.1137,5.3615685,7.1137
1605966801,7.1137,7.1137,5.3615685,7.1137
1605966802,7.1137,7.1137,5.3615685,7.1137
1605966803,7.1137,7.1137,5.3615685,7.1137
1605966804,7.1137,7.1137,5.3615685,7.1137
1605966805,7.1137,7.1137,5.3615685,7.1137
1605966806,7.1137,7.1137,5.3615685,7.1137
1605966807,7.1137,7.1137,5.3615685,7.1137
1605966808,7.1137,7.1137,5.3615685,7.1137
1605966809,7.1137,7.1137,7.4179444,7.1137
1605966810,7.1137,7.1137,7.4179444,7.1137
1605966811,7.1137,7.1137,7.4179444,7.1137
1605966812,7.1137,7.1137,7.4179444,7.1137
1605966813,7.1137,7.1137,7.4179444,7.1137
1605966814,7.1137,7.1137,7.4179444,7.1137
1605966815,7.1137,7.1137,7.4179444,7.1137
1605966816,7.1137,7.1137,7.4179444,7.1137
1605966817,7.1137,7.1137,7.4179444,7.1137
1605966818,7.1137,7.1137,7.4179444,7.1137
1605966819,7.1137,7.1137,7.4179444,7.1137
1605966820,7.1137,7.1137,7.4179444,7.1137
1605966821,7.1137,7.1137,5.3615685,7.1137
1605966822,7.1137,7.1137,5.3615685,7.1137
1605966823,7.1137,7.1137,5.3615685,7.1137
1605966824,7.1137,7.1137,7.4179444,7.1137
1605966825,7.1137,7.1137,7.4179444,7.1137
1605966826,7.1137,7.1137,7.4179444,7.1137
1605966827,7.1137,7.1137,7.4179444,7.1137
1605966828,7.1137,7.1137,7.4179444,7.1137
1605966829,7.1137,7.1137,5.636161,7.1137
1605966830,7.1137,7.1137,5.636161,7.1137
1605966831,7.1137,7.1137,5.636161,7.1137
1605966832,7.1137,7.1137,5.636161,7.1137
1605966833,7.1137,7.1137,5.636161,7.1137
1605966834,7.1137,7.1137,5.636161,7.1137
1605966835,7.1137,7.1137,5.636161,7.1137
1605966836,7.1137,7.1137,5.636161,7.1137
1605966837,7.1137,7.1137,5.636161,7.1137
1605966838,7.1137,7.1137,5.636161,7.1137
1605966839,7.1137,7.1137,5.636161,7.1137
1605966840,7.1137,7.1137,5.636161,7.1137
1605966841,7.1137,7.1137,5.636161,7.1137
1605966842,7.1137,7.1137,7.4179444,7.1137
1605966843,7.1137,7.1137,7.4179444,7.1137
1605966844,7.1137,7.1137,7.4179444,7.1137
1605966845,7.1137,7.1137,7.4179444,7.1137
1605966846,7.1137,7.1137,7.4179444,7.1137
1605966847,7.1137,7.1137,7.4179444,7.1137
1605966848,7.1137,7.1137,7.4179444,7.1137
1605966849,7.1137,7.1137,7.4179444,7.1137
1605966850,7.1137,7.1137,7.4179444,7.1137
1605966851,7.1137,7.1137,7.4179444,7.1137
1605966852,7.1137,7.1137,7.4179444,7.1137
1605966853,7.1137,7.1137,7.4179444,7.1137
1605966854,7.1137,7.1137,7.4179444,7.1137
1605966855,7.1137,7.1137,7.4179444,7.1137
1605966856,7.1137,7.1137,7.4179444,7.1137
1605966857,7.1137,7.1137,7.4179444,7.1137
1605966858,7.1137,7.1137,7.4179444,7.1137
1605966859,7.1137,7.1137,7.4179444,7.1137
1605966860,7.1137,7.1137,7.4179444,7.1137
1605966861,7.1137,7.1137,7.4179444,7.1137
1605966862,7.1137,7.1137,7.4179444,7.1137
1605966863,7.1137,7.1137,7.4179444,7.1137
1605966864,7.1137,7.1137,7.4179444,7.1137
1605966865,7.1137,7.1137,5.3615685,7.1137
1605966866,7.1137,7.1137,5.3615685,7.1137
1605966867,7.1137,7.1137,5.3615685,7.1137
1605966868,7.1137,7.1137,5.3615685,7.1137
1605966869,7.1137,7.1137,5.3615685,7.1137
1605966870,7.1137,7.1137,5.3615685,7.1137
1605966871,7.1137,7.1137,5.3615685,7.1137
1605966872,7.1137,7.1137,5.3615685,7.1137
1605966873,7.1137,7.1137,5.3615685,7.1137
1605966874,7.1137,7.1137,5.3615685,7.1137
1605966875,7.1137,7.1137,5.3615685,7.1137
1605966876,7.1137,7.1137,7.4179444,7.1137
1605966877,7.1137,7.1137,7.4179444,7.1137
1605966878,7.1137,7.1137,7.4179444,7.1137
1605966879,7.1137,7.1137,7.4179444,7.1137
1605966880,7.1137,7.1137,7.4179444,7.1137
1605966881,7.1137,7.1137,7.4179444,7.1137
1605966882,7.1137,7.1137,7.4179444,7.1137
1605966883,7.1137,7.1137,7.4179444,7.1137
1605966884,7.1137,7.1137,5.3615685,7.1137
1605966885,7.1137,7.1137,5.3615685,7.1137
1605966886,7.1137,7.1137,5.3615685,7.1137
1605966887,7.1137,7.1137,5.3615685,7.1137
1605966888,7.1137,7.1137,5.3615685,7.1137
1605966889,7.1137,7.1137,5.3615685,7.1137
1605966890,7.1137,7.1137,5.3615685,7.1137
1605966891,7.1137,7.1137,5.3615685,7.1137
1605966892,7.1137,7.1137,5.3615685,7.1137
1605966893,7.1137,7.1137,7.4179444,7.1137
1605966894,7.1137,7.1137,7.4179444,7.1137
1605966895,7.1137,7.1137,7.4179444,7.1137
1605966896,7.1137,7.1137,7.4179444,7.1137
1605966897,7.1137,7.1137,7.4179444,7.1137
1605966898,7.1137,7.1137,7.4179444,7.1137
1605966899,7.1137,7.1137,7.4179444,7.1137
1605966900,7.1137,7.1137,7.4179444,7.1137
1605966901,7.1137,7.1137,7.4179444,7.1137
1605966902,7.1137,7.1137,7.4179444,7.1137
1605966903,7.1137,7.1137,7.4179444,7.1137
1605966904,7.1137,7.1137,7.4179444,7.1137
1605966905,7.1137,7.1137,7.4179444,7.1137
1605966906,7.1137,7.1137,7.4179444,7.1137
1605966907,7.1137,7.1137,7.4179444,7.1137
1605966908,7.1137,7.1137,7.4179444,7.1137
1605966909,7.1137,7.1137,7.4179444,7.1137
1605966910,7.1137,7.1137,7.4179444,7.1137
1605966911,7.1137,7.1137,7.4179444,7.1137
1605966912,7.1137,7.1137,5.3615685,7.1137
1605966913,7.1137,7.1137,5.3615685,7.1137
1605966914,7.1137,7.1137,5.3615685,7.1137
1605966915,7.1137,7.1137,5.3615685,7.1137
1605966916,7.1137,7.1137,5.3615685,7.1137
1605966917,7.1137,7.1137,5.3615685,7.1137
1605966918,7.1137,7.1137,5.3615685,7.1137
1605966919,7.1137,7.1137,5.3615685,7.1137
1605966920,7.1137,7.1137,5.3615685,7.1137
1605966921,7.1137,7.1137,5.3615685,7.1137
1605966922,7.1137,7.1137,5.3615685,7.1137
1605966923,7.1137,7.1137,5.3615685,7.1137
1605966924,7.1137,7.1137,5.3615685,7.1137
1605966925,7.1137,7.1137,5.3615685,7.1137
1605966926,7.1137,7.1137,5.3615685,7.1137
1605966927,7.1137,7.1137,5.3615685,7.1137
1605966928,7.1137,7.1137,5.3615685,7.1137
1605966929,7.1137,7.1137,5.3615685,7.1137
1605966930,7.1137,7.1137,5.3615685,7.1137
1605966931,7.1137,7.1137,5.3615685,7.1137
1605966932,7.1137,7.1137,5.3615685,7.1137
1605966933,7.1137,7.1137,5.3615685,7.1137
1605966934,7.1137,7.1137,5.3615685,7.1137
1605966935,7.1137,7.1137,5.3615685,7.1137
1605966936,7.1137,7.1137,5.3615685,7.1137
1605966937,7.1137,7.1137,5.3615685,7.1137
1605966938,7.1137,7.1137,5.3615685,7.1137
1605966939,7.1137,7.1137,5.3615685,7.1137
1605966940,7.1137,7.1137,5.3615685,7.1137
1605966941,7.1137,7.1137,5.3615685,7.1137
1605966942,7.1137,7.1137,5.3615685,7.1137
1605966943,7.1137,7.1137,5.3615685,7.1137
1605966944,7.1137,7.1137,5.3615685,7.1137
1605966945,7.1137,7.1137,5.3615685,7.1137
1605966946,7.1137,7.1137,5.3615685,7.1137
1605966947,7.1137,7.1137,5.3615685,7.1137
1605966948,7.1137,7.1137,5.3615685,7.1137
1605966949,7.1137,7.1137,5.3615685,7.1137
1605966950,7.1137,7.1137,5.3615685,7.1137
1605966951,7.1137,7.1137,5.3615685,7.1137
1605966952,7.1137,7.1137,5.3615685,7.1137
1605966953,7.1137,7.1137,5.3615685,7.1137
1605966954,7.1137,7.1137,5.3615685,7.1137
1605966955,7.1137,7.1137,5.3615685,7.1137
1605966956,7.1137,7.1137,5.3615685,7.1137
1605966957,7.1137,7.1137,5.3615685,7.1137
1605966958,7.1137,7.1137,5.3615685,7.1137
1605966959,7.1137,7.1137,5.3615685,7.1137
1605966960,7.1137,7.1137,5.3615685,7.1137
1605966961,7.1137,7.1137,5.3615685,7.1137
1605966962,7.1137,7.1137,5.3615685,7.1137
1605966963,7.1137,7.1137,5.3615685,7.1137
1605966964,7.1137,7.1137,5.3615685,7.1137
1605966965,7.1137,7.1137,5.3615685,7.1137
1605966966,7.1137,7.1137,5.3615685,7.1137
1605966967,7.1137,7.1137,5.3615685,7.1137
1605966968,7.1137,7.1137,5.3615685,7.1137
1605966969,7.1137,7.1137,5.3615685,7.1137
1605966970,7.1137,7.1137,5.3615685,7.1137
1605966971,7.1137,7.1137,5.3615685,7.1137
1605966972,7.1137,7.1137,5.3615685,7.1137
1605966973,7.1137,7.1137,5.3615685,7.1137
1605966974,7.1137,7.1137,5.3615685,7.1137
1605966975,7.1137,7.1137,5.3615685,7.1137
1605966976,7.1137,7.1137,5.3615685,7.1137
1605966977,7.1137,7.1137,5.3615685,7.1137
1605966978,7.1137,7.1137,5.3615685,7.1137
1605966979,7.1137,7.1137,5.3615685,7.1137
1605966980,7.1137,7.1137,5.3615685,7.1137
1605966981,7.1137,7.1137,5.3615685,7.1137
1605966982,7.1137,7.1137,5.3615685,7.1137
1605966983,7.1137,7.1137,7.4179444,7.1137
1605966984,7.1137,7.1137,7.4179444,7.1137
1605966985,7.1137,7.1137,7.4179444,7.1137
1605966986,7.1137,7.1137,7.4179444,7.1137
1605966987,7.1137,7.1137,7.4179444,7.1137
1605966988,7.1137,7.1137,7.4179444,7.1137
1605966989,7.1137,7.1137,7.4179444,7.1137
1605966990,7.1137,7.1137,7.4179444,7.1137
1605966991,7.1137,7.1137,7.4179444,7.1137
1605966992,7.1137,7.1137,7.4179444,7.1137
1605966993,7.1137,7.1137,7.4179444,7.1137
1605966994,7.1137,7.1137,7.4179444,7.1137
1605966995,7.1137,7.1137,7.4179444,7.1137
1605966996,7.1137,7.1137,5.3615685,7.1137
1605966997,7.1137,7.1137,5.3615685,7.1137
1605966998,7.1137,7.1137,5.3615685,7.1137
1605966999,7.1137,7.1137,5.3615685,7.1137
1605967000,7.1137,7.1137,5.3615685,7.1137
1605967001,7.1137,7.1137,5.3615685,7.1137
1605967002,7.1137,7.1137,7.4565363,7.1137
1605967003,7.1137,7.1137,7.4565363,7.1137
1605967004,7.1137,7.1137,7.4565363,7.1137
1605967005,7.1137,7.1137,7.4565363,7.1137
1605967006,7.1137,7.1137,7.4565363,7.1137
1605967007,7.1137,7.1137,7.4565363,7.1137
1605967008,7.1137,7.1137,7.4565363,7.1137
1605967009,7.1137,7.1137,7.4565363,7.1137
1605967010,7.1137,7.1137,7.4565363,7.1137
1605967011,7.1137,7.1137,7.4565363,7.1137
1605967012,7.1137,7.1137,7.4565363,7.1137
1605967013,7.1137,7.1137,7.4565363,7.1137
1605967014,7.1137,7.1137,7.4565363,7.1137
1605967015,7.1137,7.1137,7.4565363,7.1137
1605967016,7.1137,7.1137,7.4565363,7.1137
1605967017,7.1137,7.1137,5.3615685,7.1137
1605967018,7.1137,7.1137,5.3615685,7.1137
1605967019,7.1137,7.1137,5.3615685,7.1137
1605967020,7.1137,7.1137,5.3615685,7.1137
1605967021,7.1137,7.1137,7.4179444,7.1137
1605967022,7.1137,7.1137,7.4179444,7.1137
1605967023,7.1137,7.1137,7.4179444,7.1137
1605967024,7.1137,7.1137,5.636161,7.1137
1605967025,7.1137,7.1137,5.636161,7.1137
1605967026,7.1137,7.1137,5.636161,7.1137
1605967027,7.1137,7.1137,5.636161,7.1137
1605967028,7.1137,7.1137,7.4179444,7.1137
1605967029,7.1137,7.1137,7.4179444,7.1137
1605967030,7.1137,7.1137,7.4179444,7.1137
1605967031,7.1137,7.1137,7.4179444,7.1137
1605967032,7.1137,7.1137,7.4179444,7.1137
1605967033,7.1137,7.1137,7.4179444,7.1137
1605967034,7.1137,7.1137,7.4179444,7.1137
1605967035,7.1137,7.1137,7.4179444,7.1137
1605967036,7.1137,7.1137,7.4179444,7.1137
1605967037,7.1137,7.1137,7.4179444,7.1137
1605967038,7.1137,7.1137,7.4179444,7.1137
1605967039,7.1137,7.1137,7.4179444,7.1137
1605967040,7.1137,7.1137,7.4179444,7.1137
1605967041,7.1137,7.1137,7.4179444,7.1137
1605967042,7.1137,7.1137,7.4179444,7.1137
1605967043,7.1137,7.1137,7.4179444,7.1137
1605967044,7.1137,7.1137,7.4179444,7.1137
1605967045,7.1137,7.1137,7.4179444,7.1137
1605967046,7.1137,7.1137,7.4179444,7.1137
1605967047,7.1137,7.1137,7.4179444,7.1137
1605967048,7.1137,7.1137,7.4179444,7.1137
1605967049,7.1137,7.1137,7.4179444,7.1137
1605967050,7.1137,7.1137,7.4179444,7.1137
1605967051,7.1137,7.1137,5.3615685,7.1137
1605967052,7.1137,7.1137,5.3615685,7.1137
1605967053,7.1137,7.1137,5.3615685,7.1137
1605967054,7.1137,7.1137,5.3615685,7.1137
1605967055,7.1137,7.1137,5.3615685,7.1137
1605967056,7.1137,7.1137,5.3615685,7.1137
1605967057,7.1137,7.1137,5.3615685,7.1137
1605967058,7.1137,7.1137,5.3615685,7.1137
1605967059,7.1137,7.1137,5.3615685,7.1137
1605967060,7.1137,7.1137,5.3615685,7.1137
1605967061,7.1137,7.1137,5.3615685,7.1137
1605967062,7.1137,7.1137,5.3615685,7.1137
1605967063,7.1137,7.1137,5.3615685,7.1137
1605967064,7.1137,7.1137,5.3615685,7.1137
1605967065,7.1137,7.1137,5.3615685,7.1137
1605967066,7.1137,7.1137,5.3615685,7.1137
1605967067,7.1137,7.1137,5.3615685,7.1137
1605967068,7.1137,7.1137,5.3615685,7.1137
1605967069,7.1137,7.1137,5.3615685,7.1137
1605967070,7.1137,7.1137,7.4565363,7.1137
1605967071,7.1137,7.1137,7.4565363,7.1137
1605967072,7.1137,7.1137,7.4565363,7.1137
1605967073,7.1137,7.1137,7.4565363,7.1137
1605967074,7.1137,7.1137,7.4565363,7.1137
1605967075,7.1137,7.1137,7.4565363,7.1137
1605967076,7.1137,7.1137,7.4565363,7.1137
1605967077,7.1137,7.1137,7.4565363,7.1137
1605967078,7.1137,7.1137,7.4565363,7.1137
1605967079,7.1137,7.1137,7.4565363,7.1137
1605967080,7.1137,7.1137,7.4565363,7.1137
1605967081,7.1137,7.1137,7.4565363,7.1137
1605967082,7.1137,7.1137,7.4565363,7.1137
1605967083,7.1137,7.1137,7.4565363,7.1137
1605967084,7.1137,7.1137,7.4565363,7.1137
1605967085,7.1137,7.1137,7.4565363,7.1137
1605967086,7.1137,7.1137,7.4565363,7.1137
1605967087,7.1137,7.1137,7.4565363,7.1137
1605967088,7.1137,7.1137,7.4565363,7.1137
1605967089,7.1137,7.1137,7.1137,7.1137
1605967090,7.1137,7.1137,7.1137,7.1137
1605967091,7.1137,7.1137,7.1137,7.1137
1605967092,7.1137,7.1137,7.1137,7.1137
1605967093,7.1137,7.1137,7.1137,7.1137
1605967094,7.1137,7.1137,7.1137,7.1137
1605967095,7.1137,7.1137,7.4565363,7.1137
1605967096,7.1137,7.1137,7.4565363,7.1137
1605967097,7.1137,7.1137,7.4565363,7.1137
1605967098,7.1137,7.1137,7.4565363,7.1137
1605967099,7.1137,7.1137,5.3615685,7.1137
1605967100,7.1137,7.1137,5.3615685,7.1137
1605967101,7.1137,7.1137,5.3615685,7.1137
1605967102,7.1137,7.1137,5.3615685,7.1137
1605967103,7.1137,7.1137,7.4179444,7.1137
1605967104,7.1137,7.1137,7.4179444,7.1137
1605967105,7.1137,7.1137,7.4179444,7.1137
1605967106,7.1137,7.1137,5.636161,7.1137
1605967107,7.1137,7.1137,5.636161,7.1137
1605967108,7.1137,7.1137,5.636161,7.1137
1605967109,7.1137,7.1137,5.636161,7.1137
1605967110,7.1137,7.1137,5.636161,7.1137
1605967111,7.1137,7.1137,5.636161,7.1137
1605967112,7.1137,7.1137,5.636161,7.1137
1605967113,7.1137,7.1137,5.636161,7.1137
1605967114,7.1137,7.1137,5.636161,7.1137
1605967115,7.1137,7.1137,5.636161,7.1137
1605967116,7.1137,7.1137,5.636161,7.1137
1605967117,7.1137,7.1137,5.636161,7.1137
1605967118,7.1137,7.1137,7.4179444,7.1137
1605967119,7.1137,7.1137,7.4179444,7.1137
1605967120,7.1137,7.1137,7.4179444,7.1137
1605967121,7.1137,7.1137,7.4179444,7.1137
1605967122,7.1137,7.1137,7.4179444,7.1137
1605967123,7.1137,7.1137,7.4179444,7.1137
1605967124,7.1137,7.1137,5.3615685,7.1137
1605967125,7.1137,7.1137,5.3615685,7.1137
1605967126,7.1137,7.1137,5.3615685,7.1137
1605967127,7.1137,7.1137,5.3615685,7.1137
1605967128,7.1137,7.1137,5.3615685,7.1137
1605967129,7.1137,7.1137,5.3615685,7.1137
1605967130,7.1137,7.1137,5.3615685,7.1137
1605967131,7.1137,7.1137,5.3615685,7.1137
1605967132,7.1137,7.1137,5.3615685,7.1137
1605967133,7.1137,7.1137,5.3615685,7.1137
1605967134,7.1137,7.1137,5.3615685,7.1137
1605967135,7.1137,7.1137,5.3615685,7.1137
1605967136,7.1137,7.1137,5.3615685,7.1137
1605967137,7.1137,7.1137,5.3615685,7.1137
1605967138,7.1137,7.1137,5.3615685,7.1137
1605967139,7.1137,7.1137,5.3615685,7.1137
1605967140,7.1137,7.1137,5.3615685,7.1137
1605967141,7.1137,7.1137,5.3615685,7.1137
1605967142,7.1137,7.1137,5.3615685,7.1137
1605967143,7.1137,7.1137,7.4179444,7.1137
1605967144,7.1137,7.1137,7.4179444,7.1137
1605967145,7.1137,7.1137,7.4179444,7.1137
1605967146,7.1137,7.1137,7.4179444,7.1137
1605967147,7.1137,7.1137,7.4179444,7.1137
1605967148,7.1137,7.1137,7.4179444,7.1137
1605967149,7.1137,7.1137,7.4179444,7.1137
1605967150,7.1137,7.1137,7.4179444,7.1137
1605967151,7.1137,7.1137,7.4179444,7.1137
1605967152,7.1137,7.1137,5.3615685,7.1137
1605967153,7.1137,7.1137,5.3615685,7.1137
1605967154,7.1137,7.1137,5.3615685,7.1137
1605967155,7.1137,7.1137,5.3615685,7.1137
1605967156,7.1137,7.1137,5.3615685,7.1137
1605967157,7.1137,7.1137,5.3615685,7.1137
1605967158,7.1137,7.1137,5.3615685,7.1137
1605967159,7.1137,7.1137,7.4565363,7.1137
1605967160,7.1137,7.1137,7.4565363,7.1137
1605967161,7.1137,7.1137,7.4565363,7.1137
1605967162,7.1137,7.1137,5.3615685,7.1137
1605967163,7.1137,7.1137,5.3615685,7.1137
1605967164,7.1137,7.1137,5.3615685,7.1137
1605967165,7.1137,7.1137,5.3615685,7.1137
1605967166,7.1137,7.1137,5.3615685,7.1137
1605967167,7.1137,7.1137,5.3615685,7.1137
1605967168,7.1137,7.1137,5.3615685,7.1137
1605967169,7.1137,7.1137,7.4179444,7.1137
1605967170,7.1137,7.1137,7.4179444,7.1137
1605967171,7.1137,7.1137,7.4179444,7.1137
1605967172,7.1137,7.1137,7.4179444,7.1137
1605967173,7.1137,7.1137,7.4179444,7.1137
1605967174,7.1137,7.1137,5.3615685,7.1137
1605967175,7.1137,7.1137,5.3615685,7.1137
1605967176,7.1137,7.1137,5.3615685,7.1137
1605967177,7.1137,7.1137,5.3615685,7.1137
1605967178,7.1137,7.1137,7.4565363,7.1137
1605967179,7.1137,7.1137,5.3615685,7.1137
1605967180,7.1137,7.1137,5.3615685,7.1137
1605967181,7.1137,7.1137,5.3615685,7.1137
1605967182,7.1137,7.1137,5.3615685,7.1137
1605967183,7.1137,7.1137,5.3615685,7.1137
1605967184,7.1137,7.1137,5.3615685,7.1137
1605967185,7.1137,7.1137,5.3615685,7.1137
1605967186,7.1137,7.1137,5.3615685,7.1137
1605967187,7.1137,7.1137,5.3615685,7.1137
1605967188,7.1137,7.1137,5.3615685,7.1137
1605967189,7.1137,7.1137,5.3615685,7.1137
1605967190,7.1137,7.1137,5.3615685,7.1137
1605967191,7.1137,7.1137,5.3615685,7.1137
1605967192,7.1137,7.1137,5.3615685,7.1137
1605967193,7.1137,7.1137,5.3615685,7.1137
1605967194,7.1137,7.1137,5.3615685,7.1137
1605967195,7.1137,7.1137,5.3615685,7.1137
1605967196,7.1137,7.1137,5.3615685,7.1137
1605967197,7.1137,7.1137,5.3615685,7.1137
1605967198,7.1137,7.1137,5.3615685,7.1137
1605967199,7.1137,7.1137,5.3615685,7.1137
1605967200,7.1137,7.1137,5.3615685,7.1137
1605967201,7.1137,7.1137,5.3615685,7.1137
1605967202,7.1137,7.1137,5.3615685,7.1137
1605967203,7.1137,7.1137,5.3615685,7.1137
1605967204,7.1137,7.1137,5.3615685,7.1137
1605967205,7.1137,7.1137,5.3615685,7.1137
1605967206,7.1137,7.1137,5.3615685,7.1137
1605967207,7.1137,7.1137,5.3615685,7.1137
1605967208,7.1137,7.1137,5.3615685,7.1137
1605967209,7.1137,7.1137,5.3615685,7.1137
1605967210,7.1137,7.1137,5.3615685,7.1137
1605967211,7.1137,7.1137,5.3615685,7.1137
1605967212,7.1137,7.1137,5.3615685,7.1137
1605967213,7.1137,7.1137,5.3615685,7.1137
1605967214,7.1137,7.1137,7.4565363,7.1137
1605967215,7.1137,7.1137,7.4565363,7.1137
1605967216,7.1137,7.1137,7.4565363,7.1137
1605967217,7.1137,7.1137,7.4565363,7.1137
1605967218,7.1137,7.1137,7.4565363,7.1137
1605967219,7.1137,7.1137,7.4565363,7.1137
1605967220,7.1137,7.1137,5.3615685,7.1137
1605967221,7.1137,7.1137,5.3615685,7.1137
1605967222,7.1137,7.1137,5.3615685,7.1137
1605967223,7.1137,7.1137,5.3615685,7.1137
1605967224,7.1137,7.1137,5.3615685,7.1137
1605967225,7.1137,7.1137,5.3615685,7.1137
1605967226,7.1137,7.1137,7.4179444,7.1137
1605967227,7.1137,7.1137,7.4179444,7.1137
1605967228,7.1137,7.1137,7.4179444,7.1137
1605967229,7.1137,7.1137,7.4179444,7.1137
1605967230,7.1137,7.1137,7.4179444,7.1137
1605967231,7.1137,7.1137,5.636161,7.1137
1605967232,7.1137,7.1137,5.636161,7.1137
1605967233,7.1137,7.1137,5.636161,7.1137
1605967234,7.1137,7.1137,5.636161,7.1137
1605967235,7.1137,7.1137,5.636161,7.1137
1605967236,7.1137,7.1137,5.749982,7.1137
1605967237,7.1137,7.1137,5.636161,7.1137
1605967238,7.1137,7.1137,5.636161,7.1137
1605967239,7.1137,7.1137,5.636161,7.1137
1605967240,7.1137,7.1137,5.636161,7.1137
1605967241,7.1137,7.1137,5.636161,7.1137
1605967242,7.1137,7.1137,5.636161,7.1137
1605967243,7.1137,7.1137,7.4179444,7.1137
1605967244,7.1137,7.1137,7.4179444,7.1137
1605967245,7.1137,7.1137,7.4179444,7.1137
1605967246,7.1137,7.1137,7.4179444,7.1137
1605967247,7.1137,7.1137,5.3615685,7.1137
1605967248,7.1137,7.1137,5.3615685,7.1137
1605967249,7.1137,7.1137,5.3615685,7.1137
1605967250,7.1137,7.1137,5.3615685,7.1137
1605967251,7.1137,7.1137,5.3615685,7.1137
1605967252,7.1137,7.1137,5.3615685,7.1137
1605967253,7.1137,7.1137,7.4179444,7.1137
1605967254,7.1137,7.1137,7.4179444,7.1137
1605967255,7.1137,7.1137,7.4179444,7.1137
1605967256,7.1137,7.1137,7.4179444,7.1137
1605967257,7.1137,7.1137,7.4179444,7.1137
1605967258,7.1137,7.1137,7.4179444,7.1137
1605967259,7.1137,7.1137,5.636161,7.1137
1605967260,7.1137,7.1137,5.636161,7.1137
1605967261,7.1137,7.1137,5.636161,7.1137
1605967262,7.1137,7.1137,5.636161,7.1137
1605967263,7.1137,7.1137,5.636161,7.1137
1605967264,7.1137,7.1137,7.4179444,7.1137
1605967265,7.1137,7.1137,7.4179444,7.1137
1605967266,7.1137,7.1137,7.4179444,7.1137
1605967267,7.1137,7.1137,7.4179444,7.1137
1605967268,7.1137,7.1137,7.4179444,7.1137
1605967269,7.1137,7.1137,7.4179444,7.1137
1605967270,7.1137,7.1137,7.4179444,7.1137
1605967271,7.1137,7.1137,7.4179444,7.1137
1605967272,7.1137,7.1137,7.4179444,7.1137
1605967273,7.1137,7.1137,7.4179444,7.1137
1605967274,7.1137,7.1137,7.4179444,7.1137
1605967275,7.1137,7.1137,7.4179444,7.1137
1605967276,7.1137,7.1137,7.4179444,7.1137
1605967277,7.1137,7.1137,7.4179444,7.1137
1605967278,7.1137,7.1137,7.4179444,7.1137
1605967279,7.1137,7.1137,7.4179444,7.1137
1605967280,7.1137,7.1137,7.4179444,7.1137
1605967281,7.1137,7.1137,7.4179444,7.1137
1605967282,7.1137,7.1137,7.4179444,7.1137
1605967283,7.1137,7.1137,5.636161,7.1137
1605967284,7.1137,7.1137,5.636161,7.1137
1605967285,7.1137,7.1137,5.636161,7.1137
1605967286,7.1137,7.1137,5.636161,7.1137
1605967287,7.1137,7.1137,5.636161,7.1137
1605967288,7.1137,7.1137,5.636161,7.1137
1605967289,7.1137,7.1137,5.636161,7.1137
1605967290,7.1137,7.1137,5.636161,7.1137
1605967291,7.1137,7.1137,5.636161,7.1137
1605967292,7.1137,7.1137,7.4179444,7.1137
1605967293,7.4565363,7.1137,7.4179444,7.1137
1605967294,7.4565363,7.1137,7.4179444,7.1137
1605967295,7.4565363,7.1137,7.4179444,7.1137
1605967296,7.4565363,7.1137,7.4179444,7.1137
1605967297,7.4565363,7.1137,5.3615685,7.1137
1605967298,7.4565363,7.1137,5.3615685,7.1137
1605967299,7.4565363,7.1137,5.3615685,7.1137
1605967300,7.4565363,7.1137,5.3615685,7.1137
1605967301,7.4565363,7.1137,5.3615685,7.1137
1605967302,7.4565363,7.1137,5.3615685,7.1137
1605967303,7.4565363,7.1137,5.3615685,7.1137
1605967304,7.4565363,7.1137,5.3615685,7.1137
1605967305,7.4565363,7.1137,5.3615685,7.1137
1605967306,7.4565363,7.1137,7.4179444,7.1137
1605967307,7.1137,7.1137,7.4179444,7.1137
1605967308,7.1137,7.1137,7.4179444,7.1137
1605967309,7.1137,7.1137,5.636161,7.1137
1605967310,7.1137,7.1137,5.636161,7.1137
1605967311,7.1137,7.1137,5.636161,7.1137
1605967312,7.1137,7.1137,5.636161,7.1137
1605967313,7.1137,7.1137,5.636161,7.1137
1605967314,7.1137,7.1137,5.749982,7.1137
1605967315,7.1137,7.1137,5.636161,7.1137
1605967316,7.1137,7.1137,5.636161,7.1137
1605967317,7.1137,7.1137,5.636161,7.1137
1605967318,7.1137,7.1137,5.636161,7.1137
1605967319,7.1137,7.1137,5.636161,7.1137
1605967320,7.1137,7.1137,5.636161,7.1137
1605967321,7.1137,7.1137,7.4179444,7.1137
1605967322,7.1137,7.1137,7.4179444,7.1137
1605967323,7.1137,7.1137,7.4179444,7.1137
1605967324,7.1137,7.1137,7.4179444,7.1137
1605967325,7.1137,7.1137,7.4179444,7.1137
1605967326,7.1137,7.1137,7.4179444,7.1137
1605967327,7.1137,7.1137,7.4179444,7.1137
1605967328,7.1137,7.1137,7.4179444,7.1137
1605967329,7.1137,7.1137,7.4179444,7.1137
1605967330,7.1137,7.1137,5.3615685,7.1137
1605967331,7.1137,7.1137,5.3615685,7.1137
1605967332,7.1137,7.1137,7.4565363,7.1137
1605967333,7.1137,7.1137,7.4565363,7.1137
1605967334,7.1137,7.1137,7.4565363,7.1137
1605967335,7.1137,7.1137,7.1137,7.1137
1605967336,7.1137,7.1137,7.1137,7.1137
1605967337,7.1137,7.1137,7.1137,7.1137
1605967338,7.1137,7.1137,7.1137,7.1137
1605967339,7.1137,7.1137,7.1137,7.1137
1605967340,7.1137,7.1137,7.1137,7.1137
1605967341,7.1137,7.1137,7.1137,7.1137
1605967342,7.1137,7.1137,7.1137,7.1137
1605967343,7.1137,7.1137,7.1137,7.1137
1605967344,7.1137,7.1137,7.1137,7.1137
1605967345,7.1137,7.1137,7.1137,7.1137
1605967346,7.1137,7.1137,7.4565363,7.1137
1605967347,7.1137,7.1137,7.4565363,7.1137
1605967348,7.1137,7.1137,7.4565363,7.1137
1605967349,7.1137,7.1137,7.4565363,7.1137
1605967350,7.1137,7.1137,7.4565363,7.1137
1605967351,7.1137,7.1137,5.3615685,7.1137
1605967352,7.1137,7.1137,5.3615685,7.1137
1605967353,7.1137,7.1137,5.3615685,7.1137
1605967354,7.1137,7.1137,5.3615685,7.1137
1605967355,7.1137,7.1137,5.3615685,7.1137
1605967356,7.1137,7.1137,5.3615685,7.1137
1605967357,7.1137,7.1137,5.3615685,7.1137
1605967358,7.1137,7.1137,5.3615685,7.1137
1605967359,7.1137,7.1137,5.3615685,7.1137
1605967360,7.1137,7.1137,5.3615685,7.1137
1605967361,7.1137,7.1137,5.3615685,7.1137
1605967362,7.1137,7.1137,5.3615685,7.1137
1605967363,7.1137,7.1137,5.3615685,7.1137
1605967364,7.1137,7.1137,5.3615685,7.1137
1605967365,7.1137,7.1137,5.3615685,7.1137
1605967366,7.1137,7.1137,5.3615685,7.1137
1605967367,7.1137,7.1137,5.3615685,7.1137
1605967368,7.1137,7.1137,5.3615685,7.1137
1605967369,7.1137,7.1137,5.3615685,7.1137
1605967370,7.1137,7.1137,5.3615685,7.1137
1605967371,7.1137,7.1137,5.3615685,7.1137
1605967372,7.1137,7.1137,5.3615685,7.1137
1605967373,7.1137,7.1137,5.3615685,7.1137
1605967374,7.1137,7.1137,5.3615685,7.1137
1605967375,7.1137,7.1137,5.3615685,7.1137
1605967376,7.1137,7.1137,5.3615685,7.1137
1605967377,7.1137,7.1137,5.3615685,7.1137
1605967378,7.1137,7.1137,5.3615685,7.1137
1605967379,7.1137,7.1137,7.4565363,7.1137
1605967380,7.4565363,7.1137,7.4565363,7.1137
1605967381,7.4565363,7.1137,7.4565363,7.1137
1605967382,7.1137,7.1137,7.4565363,7.1137
1605967383,7.1137,7.1137,7.4565363,7.1137
1605967384,7.1137,7.1137,7.1137,7.1137
1605967385,7.1137,7.1137,7.1137,7.1137
1605967386,7.1137,7.1137,7.1137,7.1137
1605967387,7.1137,7.1137,7.1137,7.1137
1605967388,7.1137,7.1137,7.1137,7.1137
1605967389,7.1137,7.1137,7.1137,7.1137
1605967390,7.1137,7.1137,7.1137,7.1137
1605967391,7.1137,7.1137,7.1137,7.1137
1605967392,7.1137,7.1137,7.1137,7.1137
1605967393,7.1137,7.1137,7.1137,7.1137
1605967394,7.1137,7.1137,7.1137,7.1137
1605967395,7.1137,7.1137,7.1137,7.1137
1605967396,7.1137,7.1137,7.1137,7.1137
1605967397,7.1137,7.1137,7.1137,7.1137
1605967398,7.1137,7.1137,7.1137,7.1137
1605967399,7.1137,7.1137,7.1137,7.1137
1605967400,7.1137,7.1137,7.1137,7.1137
1605967401,7.1137,7.1137,7.1137,7.1137
1605967402,7.1137,7.1137,7.1137,7.1137
1605967403,7.1137,7.1137,7.1137,7.1137
1605967404,7.1137,7.1137,7.1137,7.1137
1605967405,7.1137,7.1137,7.1137,7.1137
1605967406,7.1137,7.1137,7.1137,7.1137
1605967407,7.1137,7.1137,7.1137,7.1137
1605967408,7.1137,7.1137,7.1137,7.1137
1605967409,7.1137,7.1137,7.1137,7.1137
1605967410,7.1137,7.1137,7.1137,7.1137
1605967411,7.1137,7.1137,7.1137,7.1137
1605967412,7.1137,7.1137,7.1137,7.1137
1605967413,7.1137,7.1137,7.1137,7.1137
1605967414,7.1137,7.1137,7.4565363,7.1137
1605967415,7.1137,7.1137,7.4565363,7.1137
1605967416,7.1137,7.1137,7.4565363,7.1137
1605967417,7.1137,7.1137,7.4565363,7.1137
1605967418,7.1137,7.1137,7.4565363,7.1137
1605967419,7.1137,7.1137,7.4565363,7.1137
1605967420,7.1137,7.1137,7.4565363,7.1137
1605967421,7.1137,7.1137,7.4565363,7.1137
1605967422,7.1137,7.1137,7.4565363,7.1137
1605967423,7.1137,7.1137,7.4565363,7.1137
1605967424,7.1137,7.1137,7.4565363,7.1137
1605967425,7.1137,7.1137,7.4565363,7.1137
1605967426,7.1137,7.1137,7.4565363,7.1137
1605967427,7.1137,7.1137,7.4565363,7.1137
1605967428,7.1137,7.1137,7.4565363,7.1137
1605967429,7.1137,7.1137,5.3615685,7.1137
1605967430,7.1137,7.1137,5.3615685,7.1137
1605967431,7.1137,7.1137,5.3615685,7.1137
1605967432,7.1137,7.1137,5.3615685,7.1137
1605967433,7.1137,7.1137,5.3615685,7.1137
1605967434,7.1137,7.1137,5.3615685,7.1137
1605967435,7.1137,7.1137,7.4565363,7.1137
1605967436,7.1137,7.1137,7.4565363,7.1137
1605967437,7.1137,7.1137,7.4565363,7.1137
1605967438,7.1137,7.1137,7.4565363,7.1137
1605967439,7.1137,7.1137,7.4565363,7.1137
1605967440,7.1137,7.1137,7.4565363,7.1137
1605967441,7.1137,7.1137,7.4565363,7.1137
1605967442,7.1137,7.1137,7.4565363,7.1137
1605967443,7.1137,7.1137,7.4565363,7.1137
1605967444,7.1137,7.1137,7.4565363,7.1137
1605967445,7.1137,7.1137,7.4565363,7.1137
1605967446,7.1137,7.1137,7.4565363,7.1137
1605967447,7.1137,7.1137,7.4565363,7.1137
1605967448,7.1137,7.1137,7.4565363,7.1137
1605967449,7.1137,7.1137,7.4565363,7.1137
1605967450,7.4565363,7.1137,7.4565363,7.1137
1605967451,7.4565363,7.1137,7.4565363,7.1137
1605967452,7.4565363,7.1137,7.4565363,7.1137
1605967453,7.1137,7.1137,7.4565363,7.1137
1605967454,7.1137,7.1137,7.4565363,7.1137
1605967455,7.1137,7.1137,7.4565363,7.1137
1605967456,7.1137,7.1137,7.4565363,7.1137
1605967457,7.1137,7.1137,7.4565363,7.1137
1605967458,7.1137,7.1137,7.4565363,7.1137
1605967459,7.1137,7.1137,7.4565363,7.1137
1605967460,7.1137,7.1137,7.4565363,7.1137
1605967461,7.1137,7.1137,7.4565363,7.1137
1605967462,7.1137,7.1137,7.4565363,7.1137
1605967463,7.1137,7.1137,7.4565363,7.1137
1605967464,7.1137,7.1137,7.4565363,7.1137
1605967465,7.1137,7.1137,7.4565363,7.1137
1605967466,7.1137,7.1137,7.4565363,7.1137
1605967467,7.1137,7.1137,7.4565363,7.1137
1605967468,7.1137,7.1137,7.4565363,7.1137
1605967469,7.1137,7.1137,7.4565363,7.1137
1605967470,7.1137,7.1137,7.4565363,7.1137
1605967471,7.1137,7.1137,7.4565363,7.1137
1605967472,7.1137,7.1137,7.4565363,7.1137
1605967473,7.1137,7.1137,7.4565363,7.1137
1605967474,7.1137,7.1137,5.3615685,7.1137
1605967475,7.1137,7.1137,5.3615685,7.1137
1605967476,7.1137,7.1137,5.3615685,7.1137
1605967477,7.1137,7.1137,5.3615685,7.1137
1605967478,7.1137,7.1137,5.3615685,7.1137
1605967479,7.1137,7.1137,5.3615685,7.1137
1605967480,7.1137,7.1137,5.3615685,7.1137
1605967481,7.1137,7.1137,5.3615685,7.1137
1605967482,7.1137,7.1137,5.3615685,7.1137
1605967483,7.1137,7.1137,5.3615685,7.1137
1605967484,7.1137,7.1137,5.3615685,7.1137
1605967485,7.1137,7.1137,5.3615685,7.1137
1605967486,7.1137,7.1137,5.3615685,7.1137
1605967487,7.1137,7.1137,5.3615685,7.1137
1605967488,7.1137,7.1137,7.4565363,7.1137
1605967489,7.1137,7.1137,7.4565363,7.1137
1605967490,7.1137,7.1137,7.4565363,7.1137
1605967491,7.1137,7.1137,7.4565363,7.1137
1605967492,7.1137,7.1137,7.4565363,7.1137
1605967493,7.1137,7.1137,7.4565363,7.1137
1605967494,7.1137,7.1137,7.4565363,7.1137
1605967495,7.1137,7.1137,7.4565363,7.1137
1605967496,7.1137,7.1137,7.4565363,7.1137
1605967497,7.1137,7.1137,7.4565363,7.1137
1605967498,7.1137,7.1137,7.4565363,7.1137
1605967499,7.1137,7.1137,7.4565363,7.1137
1605967500,7.1137,7.1137,7.4565363,7.1137
1605967501,7.1137,7.1137,7.4565363,7.1137
1605967502,7.1137,7.1137,7.4565363,7.1137
1605967503,7.1137,7.1137,7.4565363,7.1137
1605967504,7.1137,7.1137,7.4565363,7.1137
1605967505,7.1137,7.1137,7.4565363,7.1137
1605967506,7.1137,7.1137,7.4565363,7.1137
1605967507,7.1137,7.1137,7.4565363,7.1137
1605967508,7.1137,7.1137,7.4565363,7.1137
1605967509,7.1137,7.1137,7.4565363,7.1137
1605967510,7.1137,7.1137,7.4565363,7.1137
1605967511,7.1137,7.1137,7.4565363,7.1137
1605967512,7.1137,7.1137,7.4565363,7.1137
1605967513,7.1137,7.1137,7.4565363,7.1137
1605967514,7.1137,7.1137,7.4565363,7.1137
1605967515,7.1137,7.1137,7.4565363,7.1137
1605967516,7.1137,7.1137,7.4565363,7.1137
1605967517,7.1137,7.1137,7.4565363,7.1137
1605967518,7.1137,7.1137,7.4565363,7.1137
1605967519,7.1137,7.1137,7.4565363,7.1137
1605967520,7.1137,7.1137,7.4565363,7.1137
1605967521,7.1137,7.1137,7.4565363,7.1137
1605967522,7.1137,7.1137,7.4565363,7.1137
1605967523,7.1137,7.1137,7.4565363,7.1137
1605967524,7.1137,7.1137,7.4565363,7.1137
1605967525,7.1137,7.1137,7.4565363,7.1137
1605967526,7.1137,7.1137,7.4565363,7.1137
1605967527,7.1137,7.1137,7.4565363,7.1137
1605967528,7.1137,7.1137,7.4565363,7.1137
1605967529,7.1137,7.1137,7.4565363,7.1137
1605967530,7.1137,7.1137,7.4565363,7.1137
1605967531,7.1137,7.1137,7.4565363,7.1137
1605967532,7.1137,7.1137,7.4565363,7.1137
1605967533,7.1137,7.1137,7.4565363,7.1137
1605967534,7.1137,7.1137,7.4565363,7.1137
1605967535,7.1137,7.1137,7.4565363,7.1137
1605967536,7.1137,7.1137,7.4565363,7.1137
1605967537,7.1137,7.1137,7.4565363,7.1137
1605967538,7.1137,7.1137,7.4565363,7.1137
1605967539,7.1137,7.1137,7.4565363,7.1137
1605967540,7.1137,7.1137,7.4565363,7.1137
1605967541,7.1137,7.1137,7.4565363,7.1137
1605967542,7.1137,7.1137,7.4565363,7.1137
1605967543,7.1137,7.1137,7.4565363,7.1137
1605967544,7.1137,7.1137,7.4565363,7.1137
1605967545,7.1137,7.1137,7.4565363,7.1137
1605967546,7.1137,7.1137,7.4565363,7.1137
1605967547,7.1137,7.1137,7.4565363,7.1137
1605967548,7.1137,7.1137,7.4565363,7.1137
1605967549,7.1137,7.1137,7.4565363,7.1137
1605967550,7.1137,7.1137,7.4565363,7.1137
1605967551,7.1137,7.1137,7.4565363,7.1137
1605967552,7.1137,7.1137,7.4565363,7.1137
1605967553,7.1137,7.1137,7.4565363,7.1137
1605967554,7.1137,7.1137,7.4565363,7.1137
1605967555,7.1137,7.1137,7.4565363,7.1137
1605967556,7.1137,7.1137,7.4565363,7.1137
1605967557,7.1137,7.1137,7.4565363,7.1137
1605967558,7.1137,7.1137,7.4565363,7.1137
1605967559,7.1137,7.1137,7.4565363,7.1137
1605967560,7.1137,7.1137,7.4565363,7.1137
1605967561,7.1137,7.1137,7.4565363,7.1137
1605967562,7.1137,7.1137,7.4565363,7.1137
1605967563,7.1137,7.1137,7.4565363,7.1137
1605967564,7.1137,7.1137,7.4565363,7.1137
1605967565,7.1137,7.1137,7.4565363,7.1137
1605967566,7.1137,7.1137,7.4565363,7.1137
1605967567,7.1137,7.1137,7.4565363,7.1137
1605967568,7.1137,7.1137,7.4565363,7.1137
1605967569,7.1137,7.1137,7.4565363,7.1137
1605967570,7.1137,7.1137,7.4565363,7.1137
1605967571,7.1137,7.1137,7.4565363,7.1137
1605967572,7.1137,7.1137,7.4565363,7.1137
1605967573,7.1137,7.1137,7.4565363,7.1137
1605967574,7.1137,7.1137,7.4565363,7.1137
1605967575,7.1137,7.1137,7.4565363,7.1137
1605967576,7.1137,7.1137,7.4565363,7.1137
1605967577,7.1137,7.1137,7.4565363,7.1137
1605967578,7.1137,7.1137,7.4565363,7.1137
1605967579,7.1137,7.1137,7.4565363,7.1137
1605967580,7.1137,7.1137,7.4565363,7.1137
1605967581,7.1137,7.1137,7.4565363,7.1137
1605967582,7.1137,7.1137,7.4565363,7.1137
1605967583,7.1137,7.1137,7.4565363,7.1137
1605967584,7.1137,7.1137,7.4565363,7.1137
1605967585,7.1137,7.1137,7.4565363,7.1137
1605967586,7.1137,7.1137,7.4565363,7.1137
1605967587,7.1137,7.1137,7.4565363,7.1137
1605967588,7.1137,7.1137,7.4565363,7.1137
1605967589,7.1137,7.1137,7.4565363,7.1137
1605967590,7.1137,7.1137,7.4565363,7.1137
1605967591,7.1137,7.1137,7.4565363,7.1137
1605967592,7.1137,7.1137,7.4565363,7.1137
1605967593,7.1137,7.1137,7.4565363,7.1137
1605967594,7.1137,7.1137,7.4565363,7.1137
1605967595,7.1137,7.1137,7.4565363,7.1137
1605967596,7.1137,7.1137,7.4565363,7.1137
1605967597,7.1137,7.1137,7.4565363,7.1137
1605967598,7.1137,7.1137,7.4565363,7.1137
1605967599,7.1137,7.1137,7.4565363,7.1137
1605967600,7.1137,7.1137,7.4565363,7.1137
1605967601,7.1137,7.1137,7.4565363,7.1137
1605967602,7.1137,7.1137,7.4565363,7.1137
1605967603,7.1137,7.1137,7.4565363,7.1137
1605967604,7.1137,7.1137,7.4565363,7.1137
1605967605,7.1137,7.1137,7.4565363,7.1137
1605967606,7.1137,7.1137,7.4565363,7.1137
1605967607,7.1137,7.1137,7.4565363,7.1137
1605967608,7.1137,7.1137,7.4565363,7.1137
1605967609,7.1137,7.1137,7.4565363,7.1137
1605967610,7.1137,7.1137,7.4565363,7.1137
1605967611,7.1137,7.1137,7.4565363,7.1137
1605967612,7.1137,7.1137,7.4565363,7.1137
1605967613,7.1137,7.1137,7.4565363,7.1137
1605967614,7.1137,7.1137,7.4565363,7.1137
1605967615,7.1137,7.1137,7.4565363,7.1137
1605967616,7.1137,7.1137,7.4565363,7.1137
1605967617,7.1137,7.1137,7.4565363,7.1137
1605967618,7.1137,7.1137,7.4565363,7.1137
1605967619,7.1137,7.1137,7.4565363,7.1137
1605967620,7.1137,7.1137,7.4565363,7.1137
1605967621,7.1137,7.1137,7.4565363,7.1137
1605967622,7.1137,7.1137,7.4565363,7.1137
1605967623,7.1137,7.1137,7.4565363,7.1137
1605967624,7.1137,7.1137,7.4565363,7.1137
1605967625,7.1137,7.1137,7.4565363,7.1137
1605967626,7.1137,7.1137,7.4565363,7.1137
1605967627,7.1137,7.1137,7.4565363,7.1137
1605967628,7.1137,7.1137,7.4565363,7.1137
1605967629,7.1137,7.1137,7.4565363,7.1137
1605967630,7.1137,7.1137,7.4565363,7.1137
1605967631,7.1137,7.1137,7.4565363,7.1137
1605967632,7.1137,7.1137,7.4565363,7.1137
1605967633,7.1137,7.1137,7.4565363,7.1137
1605967634,7.1137,7.1137,7.4565363,7.1137
1605967635,7.1137,7.1137,7.4565363,7.1137
1605967636,7.1137,7.1137,7.4565363,7.1137
1605967637,7.1137,7.1137,7.4565363,7.1137
1605967638,7.1137,7.1137,7.4565363,7.1137
1605967639,7.1137,7.1137,7.4565363,7.1137
1605967640,7.1137,7.1137,7.4565363,7.1137
1605967641,7.1137,7.1137,7.4565363,7.1137
1605967642,7.1137,7.1137,7.4565363,7.1137
1605967643,7.1137,7.1137,7.4565363,7.1137
1605967644,7.1137,7.1137,7.4565363,7.1137
1605967645,7.1137,7.1137,7.4565363,7.1137
1605967646,7.1137,7.1137,7.4565363,7.1137
1605967647,7.1137,7.1137,7.4565363,7.1137
1605967648,7.1137,7.1137,7.4565363,7.1137
1605967649,7.1137,7.1137,7.4565363,7.1137
1605967650,7.1137,7.1137,7.4565363,7.1137
1605967651,7.1137,7.1137,7.4565363,7.1137
1605967652,7.1137,7.1137,7.4565363,7.1137
1605967653,7.1137,7.1137,7.4565363,7.1137
1605967654,7.1137,7.1137,7.4565363,7.1137
1605967655,7.1137,7.1137,7.4565363,7.1137
1605967656,7.1137,7.1137,7.4565363,7.1137
1605967657,7.1137,7.1137,7.4565363,7.1137
1605967658,7.1137,7.1137,7.4565363,7.1137
1605967659,7.1137,7.1137,7.4565363,7.1137
1605967660,7.1137,7.1137,7.4565363,7.1137
1605967661,7.1137,7.1137,7.4565363,7.1137
1605967662,7.1137,7.1137,7.4565363,7.1137
1605967663,7.1137,7.1137,7.4565363,7.1137
1605967664,7.1137,7.1137,7.4565363,7.1137
1605967665,7.1137,7.1137,7.4565363,7.1137
1605967666,7.1137,7.1137,7.4565363,7.1137
1605967667,7.1137,7.1137,7.4565363,7.1137
1605967668,7.1137,7.1137,7.4565363,7.1137
1605967669,7.1137,7.1137,7.4565363,7.1137
1605967670,7.1137,7.1137,7.4565363,7.1137
1605967671,7.1137,7.1137,7.4565363,7.1137
1605967672,7.1137,7.1137,7.4565363,7.1137
1605967673,7.1137,7.1137,7.4565363,7.1137
1605967674,7.1137,7.1137,7.4565363,7.1137
1605967675,7.1137,7.1137,7.4565363,7.1137
1605967676,7.1137,7.1137,7.4565363,7.1137
1605967677,7.1137,7.1137,7.4565363,7.1137
1605967678,7.1137,7.1137,7.4565363,7.1137
1605967679,7.1137,7.1137,7.4565363,7.1137
1605967680,7.1137,7.1137,7.4565363,7.1137
1605967681,7.1137,7.1137,7.4565363,7.1137
1605967682,7.1137,7.1137,7.4565363,7.1137
1605967683,7.1137,7.1137,7.4565363,7.1137
1605967684,7.1137,7.1137,7.4565363,7.1137
1605967685,7.1137,7.1137,7.4565363,7.1137
1605967686,7.1137,7.1137,7.4565363,7.1137
1605967687,7.1137,7.1137,7.4565363,7.1137
1605967688,7.1137,7.1137,7.4565363,7.1137
1605967689,7.1137,7.1137,7.4565363,7.1137
1605967690,7.1137,7.1137,7.4565363,7.1137
1605967691,7.1137,7.1137,7.4565363,7.1137
1605967692,7.1137,7.1137,7.4565363,7.1137
1605967693,7.1137,7.1137,7.4565363,7.1137
1605967694,7.1137,7.1137,7.4565363,7.1137
1605967695,7.1137,7.1137,7.4565363,7.1137
1605967696,7.1137,7.1137,7.4565363,7.1137
1605967697,7.1137,7.1137,7.4565363,7.1137
1605967698,7.1137,7.1137,7.4565363,7.1137
1605967699,7.1137,7.1137,7.4565363,7.1137
1605967700,7.1137,7.1137,7.4565363,7.1137
1605967701,7.1137,7.1137,7.4565363,7.1137
1605967702,7.1137,7.1137,7.4565363,7.1137
1605967703,7.1137,7.1137,7.4565363,7.1137
1605967704,7.1137,7.1137,7.4565363,7.1137
1605967705,7.1137,7.1137,7.4565363,7.1137
1605967706,7.1137,7.1137,7.4565363,7.1137
1605967707,7.1137,7.1137,7.4565363,7.1137
1605967708,7.1137,7.1137,7.4565363,7.1137
1605967709,7.1137,7.1137,7.4565363,7.1137
1605967710,7.1137,7.1137,7.4565363,7.1137
1605967711,7.1137,7.1137,7.4565363,7.1137
1605967712,7.1137,7.1137,7.4565363,7.1137
1605967713,7.1137,7.1137,7.4565363,7.1137
1605967714,7.1137,7.1137,7.4565363,7.1137
1605967715,7.1137,7.1137,7.4565363,7.1137
1605967716,7.1137,7.1137,7.4565363,7.1137
1605967717,7.1137,7.1137,7.4565363,7.1137
1605967718,7.1137,7.1137,7.4565363,7.1137
1605967719,7.1137,7.1137,7.4565363,7.1137
1605967720,7.1137,7.1137,7.4565363,7.1137
1605967721,7.1137,7.1137,7.4565363,7.1137
1605967722,7.1137,7.1137,7.4565363,7.1137
1605967723,7.1137,7.1137,7.4565363,7.1137
1605967724,7.1137,7.1137,7.4565363,7.1137
1605967725,7.1137,7.1137,7.4565363,7.1137
1605967726,7.1137,7.1137,7.4565363,7.1137
1605967727,7.1137,7.1137,7.4565363,7.1137
1605967728,7.1137,7.1137,7.4565363,7.1137
1605967729,7.1137,7.1137,7.4565363,7.1137
1605967730,7.1137,7.1137,7.4565363,7.1137
1605967731,7.1137,7.1137,7.4565363,7.1137
1605967732,7.1137,7.1137,7.4565363,7.1137
1605967733,7.1137,7.1137,7.4565363,7.1137
1605967734,7.1137,7.1137,7.4565363,7.1137
1605967735,7.1137,7.1137,7.4565363,7.1137
1605967736,7.1137,7.1137,7.4565363,7.1137
1605967737,7.1137,7.1137,7.4565363,7.1137
1605967738,7.1137,7.1137,7.4565363,7.1137
1605967739,7.1137,7.1137,7.4565363,7.1137
1605967740,7.1137,7.1137,7.4565363,7.1137
1605967741,7.1137,7.1137,7.4565363,7.1137
1605967742,7.1137,7.1137,7.4565363,7.1137
1605967743,7.1137,7.1137,7.4565363,7.1137
1605967744,7.1137,7.1137,7.4565363,7.1137
1605967745,7.1137,7.1137,7.4565363,7.1137
1605967746,7.1137,7.1137,7.4565363,7.1137
1605967747,7.1137,7.1137,7.4565363,7.1137
1605967748,7.1137,7.1137,7.4565363,7.1137
1605967749,7.1137,7.1137,7.4565363,7.1137
1605967750,7.1137,7.1137,7.4565363,7.1137
1605967751,7.1137,7.1137,7.4565363,7.1137
1605967752,7.1137,7.1137,7.4565363,7.1137
1605967753,7.1137,7.1137,7.4565363,7.1137
1605967754,7.1137,7.1137,7.4565363,7.1137
1605967755,7.1137,7.1137,7.4565363,7.1137
1605967756,7.1137,7.1137,7.4565363,7.1137
1605967757,7.1137,7.1137,7.4565363,7.1137
1605967758,7.1137,7.1137,7.4565363,7.1137
1605967759,7.1137,7.1137,7.4565363,7.1137
1605967760,7.1137,7.1137,7.4565363,7.1137
1605967761,7.1137,7.1137,7.4565363,7.1137
1605967762,7.1137,7.1137,7.4565363,7.1137
1605967763,7.1137,7.1137,7.4565363,7.1137
1605967764,7.1137,7.1137,7.4565363,7.1137
1605967765,7.1137,7.1137,7.4565363,7.1137
1605967766,7.1137,7.1137,7.4565363,7.1137
1605967767,7.1137,7.1137,7.4565363,7.1137
1605967768,7.1137,7.1137,7.4565363,7.1137
1605967769,7.1137,7.1137,7.4565363,7.1137
1605967770,7.1137,7.1137,7.4565363,7.1137
1605967771,7.1137,7.1137,7.4565363,7.1137
1605967772,7.1137,7.1137,7.4565363,7.1137
1605967773,7.1137,7.1137,7.4565363,7.1137
1605967774,7.1137,7.1137,7.4565363,7.1137
1605967775,7.1137,7.1137,7.4565363,7.1137
1605967776,7.1137,7.1137,7.4565363,7.1137
1605967777,7.1137,7.1137,7.4565363,7.1137
1605967778,7.1137,7.1137,7.4565363,7.1137
1605967779,7.1137,7.1137,7.4565363,7.1137
1605967780,7.1137,7.1137,7.4565363,7.1137
1605967781,7.1137,7.1137,7.4565363,7.1137
1605967782,7.1137,7.1137,7.4565363,7.1137
1605967783,7.1137,7.1137,7.4565363,7.1137
1605967784,7.1137,7.1137,7.4565363,7.1137
1605967785,7.1137,7.1137,7.4565363,7.1137
1605967786,7.1137,7.1137,7.4565363,7.1137
1605967787,7.1137,7.1137,7.4565363,7.1137
1605967788,7.1137,7.1137,7.4565363,7.1137
1605967789,7.1137,7.1137,7.4565363,7.1137
1605967790,7.1137,7.1137,7.4565363,7.1137
1605967791,7.1137,7.1137,7.4565363,7.1137
1605967792,7.1137,7.1137,7.4565363,7.1137
1605967793,7.1137,7.1137,7.4565363,7.1137
1605967794,7.1137,7.1137,7.4565363,7.1137
1605967795,7.1137,7.1137,7.4565363,7.1137
1605967796,7.1137,7.1137,7.4565363,7.1137
1605967797,7.1137,7.1137,7.4565363,7.1137
1605967798,7.1137,7.1137,7.4565363,7.1137
1605967799,7.1137,7.1137,7.4565363,7.1137
1605967800,7.1137,7.1137,7.4565363,7.1137
1605967801,7.1137,7.1137,7.4565363,7.1137
1605967802,7.1137,7.1137,7.4565363,7.1137
1605967803,7.1137,7.1137,7.4565363,7.1137
1605967804,7.1137,7.1137,7.4565363,7.1137
1605967805,7.1137,7.1137,7.4565363,7.1137
1605967806,7.1137,7.1137,7.4565363,7.1137
1605967807,7.1137,7.1137,7.4565363,7.1137
1605967808,7.1137,7.1137,7.4565363,7.1137
1605967809,7.1137,7.1137,7.4565363,7.1137
1605967810,7.1137,7.1137,7.4565363,7.1137
1605967811,7.1137,7.1137,7.4565363,7.1137
1605967812,7.1137,7.1137,7.4565363,7.1137
1605967813,7.1137,7.1137,7.4565363,7.1137
1605967814,7.1137,7.1137,7.4565363,7.1137
1605967815,7.1137,7.1137,7.4565363,7.1137
1605967816,7.1137,7.1137,7.4565363,7.1137
1605967817,7.1137,7.1137,7.4565363,7.1137
1605967818,7.1137,7.1137,7.4565363,7.1137
1605967819,7.1137,7.1137,7.4565363,7.1137
1605967820,7.1137,7.1137,7.4565363,7.1137
1605967821,7.1137,7.1137,7.4565363,7.1137
1605967822,7.1137,7.1137,7.4565363,7.1137
1605967823,7.1137,7.1137,7.4565363,7.1137
1605967824,7.1137,7.1137,7.4565363,7.1137
1605967825,7.1137,7.1137,7.4565363,7.1137
1605967826,7.1137,7.1137,7.4565363,7.1137
1605967827,7.1137,7.1137,7.4565363,7.1137
1605967828,7.1137,7.1137,7.4565363,7.1137
1605967829,7.1137,7.1137,7.4565363,7.1137
1605967830,7.1137,7.1137,7.4565363,7.1137
1605967831,7.1137,7.1137,7.4565363,7.1137
1605967832,7.1137,7.1137,7.4565363,7.1137
1605967833,7.1137,7.1137,7.4565363,7.1137
1605967834,7.1137,7.1137,7.4565363,7.1137
1605967835,7.1137,7.1137,7.4565363,7.1137
1605967836,7.1137,7.1137,7.4565363,7.1137
1605967837,7.1137,7.1137,7.4565363,7.1137
1605967838,7.1137,7.1137,7.4565363,7.1137
1605967839,7.1137,7.1137,7.4565363,7.1137
1605967840,7.1137,7.1137,7.4565363,7.1137
1605967841,7.1137,7.1137,7.4565363,7.1137
1605967842,7.1137,7.1137,7.4565363,7.1137
1605967843,7.1137,7.1137,7.4565363,7.1137
1605967844,7.1137,7.1137,7.4565363,7.1137
1605967845,7.1137,7.1137,7.4565363,7.1137
1605967846,7.1137,7.1137,7.4565363,7.1137
1605967847,7.1137,7.1137,7.4565363,7.1137
1605967848,7.1137,7.1137,7.4565363,7.1137
1605967849,7.1137,7.1137,7.4565363,7.1137
1605967850,7.1137,7.1137,7.4565363,7.1137
1605967851,7.1137,7.1137,7.4565363,7.1137
1605967852,7.1137,7.1137,7.4565363,7.1137
1605967853,7.1137,7.1137,7.4565363,7.1137
1605967854,7.1137,7.1137,7.4565363,7.1137
1605967855,7.1137,7.1137,7.4565363,7.1137
1605967856,7.1137,7.1137,7.4565363,7.1137
1605967857,7.1137,7.1137,7.4565363,7.1137
1605967858,7.1137,7.1137,7.4565363,7.1137
1605967859,7.1137,7.1137,7.4565363,7.1137
1605967860,7.1137,7.1137,7.4565363,7.1137
1605967861,7.1137,7.1137,7.4565363,7.1137
1605967862,7.1137,7.1137,7.4565363,7.1137
1605967863,7.1137,7.1137,7.4565363,7.1137
1605967864,7.1137,7.1137,7.4565363,7.1137
1605967865,7.1137,7.1137,7.4565363,7.1137
1605967866,7.1137,7.1137,7.4565363,7.1137
1605967867,7.1137,7.1137,7.4565363,7.1137
1605967868,7.1137,7.1137,7.4565363,7.1137
1605967869,7.1137,7.1137,7.4565363,7.1137
1605967870,7.1137,7.1137,7.4565363,7.1137
1605967871,7.1137,7.1137,7.4565363,7.1137
1605967872,7.1137,7.1137,7.4565363,7.1137
1605967873,7.1137,7.1137,7.4565363,7.1137
1605967874,7.1137,7.1137,7.4565363,7.1137
1605967875,7.1137,7.1137,7.4565363,7.1137
1605967876,7.1137,7.1137,7.4565363,7.1137
1605967877,7.1137,7.1137,7.4565363,7.1137
1605967878,7.1137,7.1137,7.4565363,7.1137
1605967879,7.1137,7.1137,7.4565363,7.1137
1605967880,7.1137,7.1137,7.4565363,7.1137
1605967881,7.1137,7.1137,7.4565363,7.1137
1605967882,7.1137,7.1137,7.4565363,7.1137
1605967883,7.1137,7.1137,7.4565363,7.1137
1605967884,7.1137,7.1137,7.4565363,7.1137
1605967885,7.1137,7.1137,7.4565363,7.1137
1605967886,7.1137,7.1137,7.4565363,7.1137
1605967887,7.1137,7.1137,7.4565363,7.1137
1605967888,7.1137,7.1137,7.4565363,7.1137
1605967889,7.1137,7.1137,7.4565363,7.1137
1605967890,7.1137,7.1137,7.4565363,7.1137
1605967891,7.1137,7.1137,7.4565363,7.1137
1605967892,7.1137,7.1137,7.4565363,7.1137
1605967893,7.1137,7.1137,7.4565363,7.1137
1605967894,7.1137,7.1137,7.4565363,7.1137
1605967895,7.1137,7.1137,7.4565363,7.1137
1605967896,7.1137,7.1137,7.4565363,7.1137
1605967897,7.1137,7.1137,7.4565363,7.1137
1605967898,7.1137,7.1137,7.4565363,7.1137
1605967899,7.1137,7.1137,7.4565363,7.1137
1605967900,7.1137,7.1137,7.4565363,7.1137
1605967901,7.1137,7.1137,7.4565363,7.1137
1605967902,7.1137,7.1137,7.4565363,7.1137
1605967903,7.1137,7.1137,7.4565363,7.1137
1605967904,7.1137,7.1137,7.4565363,7.1137
1605967905,7.1137,7.1137,7.4565363,7.1137
1605967906,7.1137,7.1137,7.4565363,7.1137
1605967907,7.1137,7.1137,7.4565363,7.1137
1605967908,7.1137,7.1137,7.4565363,7.1137
1605967909,7.1137,7.1137,7.4565363,7.1137
1605967910,7.1137,7.1137,7.4565363,7.1137
1605967911,7.1137,7.1137,7.4565363,7.1137
1605967912,7.1137,7.1137,7.4565363,7.1137
1605967913,7.1137,7.1137,7.4565363,7.1137
1605967914,7.1137,7.1137,7.4565363,7.1137
1605967915,7.1137,7.1137,7.4565363,7.1137
1605967916,7.1137,7.1137,7.4565363,7.1137
1605967917,7.1137,7.1137,7.4565363,7.1137
1605967918,7.1137,7.1137,7.4565363,7.1137
1605967919,7.1137,7.1137,7.4565363,7.1137
1605967920,7.1137,7.1137,7.4565363,7.1137
1605967921,7.1137,7.1137,7.4565363,7.1137
1605967922,7.1137,7.1137,7.4565363,7.1137
1605967923,7.1137,7.1137,7.4565363,7.1137
1605967924,7.1137,7.1137,7.4565363,7.1137
1605967925,7.1137,7.1137,7.4565363,7.1137
1605967926,7.1137,7.1137,7.4565363,7.1137
1605967927,7.1137,7.1137,7.4565363,7.1137
1605967928,7.1137,7.1137,7.4565363,7.1137
1605967929,7.1137,7.1137,7.4565363,7.1137
1605967930,7.1137,7.1137,7.4565363,7.1137
1605967931,7.1137,7.1137,7.4565363,7.1137
1605967932,7.1137,7.1137,7.4565363,7.1137
1605967933,7.1137,7.1137,7.4565363,7.1137
1605967934,7.1137,7.1137,7.4565363,7.1137
1605967935,7.1137,7.1137,7.4565363,7.1137
1605967936,7.1137,7.1137,7.4565363,7.1137
1605967937,7.1137,7.1137,7.4565363,7.1137
1605967938,7.1137,7.1137,7.4565363,7.1137
1605967939,7.1137,7.1137,7.4565363,7.1137
1605967940,7.1137,7.1137,7.4565363,7.1137
1605967941,7.1137,7.1137,7.4565363,7.1137
1605967942,7.1137,7.1137,7.4565363,7.1137
1605967943,7.1137,7.1137,7.4565363,7.1137
1605967944,7.1137,7.1137,7.4565363,7.1137
1605967945,7.1137,7.1137,7.4565363,7.1137
1605967946,7.1137,7.1137,7.4565363,7.1137
1605967947,7.1137,7.1137,7.4565363,7.1137
1605967948,7.1137,7.1137,7.4565363,7.1137
1605967949,7.1137,7.1137,7.4565363,7.1137
1605967950,7.1137,7.1137,7.4565363,7.1137
1605967951,7.1137,7.1137,7.4565363,7.1137
1605967952,7.1137,7.1137,7.4565363,7.1137
1605967953,7.1137,7.1137,7.4565363,7.1137
1605967954,7.1137,7.1137,7.4565363,7.1137
1605967955,7.1137,7.1137,7.4565363,7.1137
1605967956,7.1137,7.1137,7.4565363,7.1137
1605967957,7.1137,7.1137,7.4565363,7.1137
1605967958,7.1137,7.1137,7.4565363,7.1137
1605967959,7.1137,7.1137,7.4565363,7.1137
1605967960,7.1137,7.1137,7.4565363,7.1137
1605967961,7.1137,7.1137,7.4565363,7.1137
1605967962,7.1137,7.1137,7.4565363,7.1137
1605967963,7.1137,7.1137,7.4565363,7.1137
1605967964,7.1137,7.1137,7.4565363,7.1137
1605967965,7.1137,7.1137,7.4565363,7.1137
1605967966,7.1137,7.1137,7.4565363,7.1137
1605967967,7.1137,7.1137,7.4565363,7.1137
1605967968,7.1137,7.1137,7.4565363,7.1137
1605967969,7.1137,7.1137,7.4565363,7.1137
1605967970,7.1137,7.1137,7.4565363,7.1137
1605967971,7.1137,7.1137,7.4565363,7.1137
1605967972,7.1137,7.1137,7.4565363,7.1137
1605967973,7.1137,7.1137,7.4565363,7.1137
1605967974,7.1137,7.1137,7.4565363,7.1137
1605967975,7.1137,7.1137,7.4565363,7.1137
1605967976,7.1137,7.1137,7.4565363,7.1137
1605967977,7.1137,7.1137,7.4565363,7.1137
1605967978,7.1137,7.1137,7.4565363,7.1137
1605967979,7.1137,7.1137,7.4565363,7.1137
1605967980,7.1137,7.1137,7.4565363,7.1137
1605967981,7.1137,7.1137,7.4565363,7.1137
1605967982,7.1137,7.1137,7.4565363,7.1137
1605967983,7.1137,7.1137,7.4565363,7.1137
1605967984,7.1137,7.1137,7.4565363,7.1137
1605967985,7.1137,7.1137,7.4565363,7.1137
1605967986,7.1137,7.1137,7.4565363,7.1137
1605967987,7.1137,7.1137,7.4565363,7.1137
1605967988,7.1137,7.1137,7.4565363,7.1137
1605967989,7.1137,7.1137,7.4565363,7.1137
1605967990,7.1137,7.1137,7.4565363,7.1137
1605967991,7.1137,7.1137,7.4565363,7.1137
1605967992,7.1137,7.1137,7.4565363,7.1137
1605967993,7.1137,7.1137,7.4565363,7.1137
1605967994,7.1137,7.1137,7.4565363,7.1137
1605967995,7.1137,7.1137,7.4565363,7.1137
1605967996,7.1137,7.1137,7.4565363,7.1137
1605967997,7.1137,7.1137,7.4565363,7.1137
1605967998,7.1137,7.1137,7.4565363,7.1137
1605967999,7.1137,7.1137,7.4565363,7.1137
1605968000,7.1137,7.1137,7.4565363,7.1137
1605968001,7.1137,7.1137,7.4565363,7.1137
1605968002,7.1137,7.1137,7.4565363,7.1137
1605968003,7.1137,7.1137,7.4565363,7.1137
1605968004,7.1137,7.1137,7.4565363,7.1137
1605968005,7.1137,7.1137,7.4565363,7.1137
1605968006,7.1137,7.1137,7.4565363,7.1137
1605968007,7.1137,7.1137,7.4565363,7.1137
1605968008,7.1137,7.1137,7.4565363,7.1137
1605968009,7.1137,7.1137,7.4565363,7.1137
1605968010,7.1137,7.1137,7.4565363,7.1137
1605968011,7.1137,7.1137,7.4565363,7.1137
1605968012,7.1137,7.1137,7.4565363,7.1137
1605968013,7.1137,7.1137,7.4565363,7.1137
1605968014,7.1137,7.1137,7.4565363,7.1137
1605968015,7.1137,7.1137,7.4565363,7.1137
1605968016,7.1137,7.1137,7.4565363,7.1137
1605968017,7.1137,7.1137,7.4565363,7.1137
1605968018,7.1137,7.1137,7.4565363,7.1137
1605968019,7.1137,7.1137,7.4565363,7.1137
1605968020,7.1137,7.1137,7.4565363,7.1137
1605968021,7.1137,7.1137,7.4565363,7.1137
1605968022,7.1137,7.1137,7.4565363,7.1137
1605968023,7.1137,7.1137,7.4565363,7.1137
1605968024,7.1137,7.1137,7.4565363,7.1137
1605968025,7.1137,7.1137,7.4565363,7.1137
1605968026,7.1137,7.1137,7.4565363,7.1137
1605968027,7.1137,7.1137,7.4565363,7.1137
1605968028,7.1137,7.1137,7.4565363,7.1137
1605968029,7.1137,7.1137,7.4565363,7.1137
1605968030,7.1137,7.1137,7.4565363,7.1137
1605968031,7.1137,7.1137,7.4565363,7.1137
1605968032,7.1137,7.1137,7.4565363,7.1137
1605968033,7.1137,7.1137,7.4565363,7.1137
1605968034,7.1137,7.1137,7.4565363,7.1137
1605968035,7.1137,7.1137,7.4565363,7.1137
1605968036,7.1137,7.1137,7.4565363,7.1137
1605968037,7.1137,7.1137,7.4565363,7.1137
1605968038,7.1137,7.1137,7.4565363,7.1137
1605968039,7.1137,7.1137,7.4565363,7.1137
1605968040,7.1137,7.1137,7.4565363,7.1137
1605968041,7.1137,7.1137,7.4565363,7.1137
1605968042,7.1137,7.1137,7.4565363,7.1137
1605968043,7.1137,7.1137,7.4565363,7.1137
1605968044,7.1137,7.1137,7.4565363,7.1137
1605968045,7.1137,7.1137,7.4565363,7.1137
1605968046,7.1137,7.1137,7.4565363,7.1137
1605968047,7.1137,7.1137,7.4565363,7.1137
1605968048,7.1137,7.1137,7.4565363,7.1137
1605968049,7.1137,7.1137,7.4565363,7.1137
1605968050,7.1137,7.1137,7.4565363,7.1137
1605968051,7.1137,7.1137,7.4565363,7.1137
1605968052,7.1137,7.1137,7.4565363,7.1137
1605968053,7.1137,7.1137,7.4565363,7.1137
1605968054,7.1137,7.1137,7.4565363,7.1137
1605968055,7.1137,7.1137,7.4565363,7.1137
1605968056,7.1137,7.1137,7.4565363,7.1137
1605968057,7.1137,7.1137,7.4565363,7.1137
1605968058,7.1137,7.1137,7.4565363,7.1137
1605968059,7.1137,7.1137,7.4565363,7.1137
1605968060,7.1137,7.1137,7.4565363,7.1137
1605968061,7.1137,7.1137,7.4565363,7.1137
1605968062,7.1137,7.1137,7.4565363,7.1137
1605968063,7.1137,7.1137,7.4565363,7.1137
1605968064,7.1137,7.1137,7.4565363,7.1137
1605968065,7.1137,7.1137,7.4565363,7.1137
1605968066,7.1137,7.1137,7.4565363,7.1137
1605968067,7.1137,7.1137,7.4565363,7.1137
1605968068,7.1137,7.1137,7.4565363,7.1137
1605968069,7.1137,7.1137,7.4565363,7.1137
1605968070,7.1137,7.1137,7.4565363,7.1137
1605968071,7.1137,7.1137,7.4565363,7.1137
1605968072,7.1137,7.1137,7.4565363,7.1137
1605968073,7.1137,7.1137,7.4565363,7.1137
1605968074,7.1137,7.1137,7.4565363,7.1137
1605968075,7.1137,7.1137,7.4565363,7.1137
1605968076,7.1137,7.1137,7.4565363,7.1137
1605968077,7.1137,7.1137,7.4565363,7.1137
1605968078,7.1137,7.1137,7.4565363,7.1137
1605968079,7.1137,7.1137,7.4565363,7.1137
1605968080,7.1137,7.1137,7.4565363,7.1137
1605968081,7.1137,7.1137,7.4565363,7.1137
1605968082,7.1137,7.1137,7.4565363,7.1137
1605968083,7.1137,7.1137,7.4565363,7.1137
1605968084,7.1137,7.1137,7.4565363,7.1137
1605968085,7.1137,7.1137,7.4565363,7.1137
1605968086,7.1137,7.1137,7.4565363,7.1137
1605968087,7.1137,7.1137,7.4565363,7.1137
1605968088,7.1137,7.1137,7.4565363,7.1137
1605968089,7.1137,7.1137,7.4565363,7.1137
1605968090,7.1137,7.1137,7.4565363,7.1137
1605968091,7.1137,7.1137,7.4565363,7.1137
1605968092,7.1137,7.1137,7.4565363,7.1137
1605968093,7.1137,7.1137,7.4565363,7.1137
1605968094,7.1137,7.1137,7.4565363,7.1137
1605968095,7.1137,7.1137,7.4565363,7.1137
1605968096,7.1137,7.1137,7.4565363,7.1137
1605968097,7.1137,7.1137,7.4565363,7.1137
1605968098,7.1137,7.1137,7.4565363,7.1137
1605968099,7.1137,7.1137,7.4565363,7.1137
1605968100,7.1137,7.1137,7.4565363,7.1137
1605968101,7.1137,7.1137,7.4565363,7.1137
1605968102,7.1137,7.1137,7.4565363,7.1137
1605968103,7.1137,7.1137,7.4565363,7.1137
1605968104,7.1137,7.1137,7.4565363,7.1137
1605968105,7.1137,7.1137,7.4565363,7.1137
1605968106,7.1137,7.1137,7.4565363,7.1137
1605968107,7.1137,7.1137,7.4565363,7.1137
1605968108,7.1137,7.1137,7.4565363,7.1137
1605968109,7.1137,7.1137,7.4565363,7.1137
1605968110,7.1137,7.1137,7.4565363,7.1137
1605968111,7.1137,7.1137,7.4565363,7.1137
1605968112,7.1137,7.1137,7.4565363,7.1137
1605968113,7.1137,7.1137,7.4565363,7.1137
1605968114,7.1137,7.1137,7.4565363,7.1137
1605968115,7.1137,7.1137,7.4565363,7.1137
1605968116,7.1137,7.1137,7.4565363,7.1137
1605968117,7.1137,7.1137,7.4565363,7.1137
1605968118,7.1137,7.1137,7.4565363,7.1137
1605968119,7.1137,7.1137,7.4565363,7.1137
1605968120,7.1137,7.1137,7.4565363,7.1137
1605968121,7.1137,7.1137,7.4565363,7.1137
1605968122,7.1137,7.1137,7.4565363,7.1137
1605968123,7.1137,7.1137,7.4565363,7.1137
1605968124,7.1137,7.1137,7.4565363,7.1137
1605968125,7.1137,7.1137,7.4565363,7.1137
1605968126,7.1137,7.1137,7.4565363,7.1137
1605968127,7.1137,7.1137,7.4565363,7.1137
1605968128,7.1137,7.1137,7.4565363,7.1137
1605968129,7.1137,7.1137,7.4565363,7.1137
1605968130,7.1137,7.1137,7.4565363,7.1137
1605968131,7.1137,7.1137,7.4565363,7.1137
1605968132,7.1137,7.1137,7.4565363,7.1137
1605968133,7.1137,7.1137,7.4565363,7.1137
1605968134,7.1137,7.1137,7.4565363,7.1137
1605968135,7.1137,7.1137,7.4565363,7.1137
1605968136,7.1137,7.1137,7.4565363,7.1137
1605968137,7.1137,7.1137,7.4565363,7.1137
1605968138,7.1137,7.1137,7.4565363,7.1137
1605968139,7.1137,7.1137,7.4565363,7.1137
1605968140,7.1137,7.1137,7.4565363,7.1137
1605968141,7.1137,7.1137,7.4565363,7.1137
1605968142,7.1137,7.1137,7.4565363,7.1137
1605968143,7.1137,7.1137,7.4565363,7.1137
1605968144,7.1137,7.1137,7.4565363,7.1137
1605968145,7.1137,7.1137,7.4565363,7.1137
1605968146,7.1137,7.1137,7.4565363,7.1137
1605968147,7.1137,7.1137,7.4565363,7.1137
1605968148,7.1137,7.1137,7.4565363,7.1137
1605968149,7.1137,7.1137,7.4565363,7.1137
1605968150,7.1137,7.1137,7.4565363,7.1137
1605968151,7.1137,7.1137,7.4565363,7.1137
1605968152,7.1137,7.1137,7.4565363,7.1137
1605968153,7.1137,7.1137,7.4565363,7.1137
1605968154,7.1137,7.1137,7.4565363,7.1137
1605968155,7.1137,7.1137,7.4565363,7.1137
1605968156,7.1137,7.1137,7.4565363,7.1137
1605968157,7.1137,7.1137,7.4565363,7.1137
1605968158,7.1137,7.1137,7.4565363,7.1137
1605968159,7.1137,7.1137,7.4565363,7.1137
1605968160,7.1137,7.1137,7.4565363,7.1137
1605968161,7.1137,7.1137,7.4565363,7.1137
1605968162,7.1137,7.1137,7.4565363,7.1137
1605968163,7.1137,7.1137,7.4565363,7.1137
1605968164,7.1137,7.1137,7.4565363,7.1137
1605968165,7.1137,7.1137,7.4565363,7.1137
1605968166,7.1137,7.1137,7.4565363,7.1137
1605968167,7.1137,7.1137,7.4565363,7.1137
1605968168,7.1137,7.1137,7.4565363,7.1137
1605968169,7.1137,7.1137,7.4565363,7.1137
1605968170,7.1137,7.1137,7.4565363,7.1137
1605968171,7.1137,7.1137,7.4565363,7.1137
1605968172,7.1137,7.1137,7.4565363,7.1137
1605968173,7.1137,7.1137,7.4565363,7.1137
1605968174,7.1137,7.1137,7.4565363,7.1137
1605968175,7.1137,7.1137,7.4565363,7.1137
1605968176,7.1137,7.1137,7.4565363,7.1137
1605968177,7.1137,7.1137,7.4565363,7.1137
1605968178,7.1137,7.1137,7.4565363,7.1137
1605968179,7.1137,7.1137,7.4565363,7.1137
1605968180,7.1137,7.1137,7.4565363,7.1137
1605968181,7.1137,7.1137,7.4565363,7.1137
1605968182,7.1137,7.1137,7.4565363,7.1137
1605968183,7.1137,7.1137,7.4565363,7.1137
1605968184,7.1137,7.1137,7.4565363,7.1137
1605968185,7.1137,7.1137,7.4565363,7.1137
1605968186,7.1137,7.1137,7.4565363,7.1137
1605968187,7.1137,7.1137,7.4565363,7.1137
1605968188,7.1137,7.1137,7.4565363,7.1137
1605968189,7.1137,7.1137,7.4565363,7.1137
1605968190,7.1137,7.1137,7.4565363,7.1137
1605968191,7.1137,7.1137,7.4565363,7.1137
1605968192,7.1137,7.1137,7.4565363,7.1137
1605968193,7.1137,7.1137,7.4565363,7.1137
1605968194,7.1137,7.1137,7.4565363,7.1137
1605968195,7.1137,7.1137,7.4565363,7.1137
1605968196,7.1137,7.1137,7.4565363,7.1137
1605968197,7.1137,7.1137,7.4565363,7.1137
1605968198,7.1137,7.1137,7.4565363,7.1137
1605968199,7.1137,7.1137,7.4565363,7.1137
1605968200,7.1137,7.1137,7.4565363,7.1137
1605968201,7.1137,7.1137,7.4565363,7.1137
1605968202,7.1137,7.1137,7.4565363,7.1137
1605968203,7.1137,7.1137,7.4565363,7.1137
1605968204,7.1137,7.1137,7.4565363,7.1137
1605968205,7.1137,7.1137,7.4565363,7.1137
1605968206,7.1137,7.1137,7.4565363,7.1137
1605968207,7.1137,7.1137,7.4565363,7.1137
1605968208,7.1137,7.1137,7.4565363,7.1137
1605968209,7.1137,7.1137,7.4565363,7.1137
1605968210,7.1137,7.1137,7.4565363,7.1137
1605968211,7.1137,7.1137,7.4565363,7.1137
1605968212,7.1137,7.1137,7.4565363,7.1137
1605968213,7.1137,7.1137,7.4565363,7.1137
1605968214,7.1137,7.1137,7.4565363,7.1137
1605968215,7.1137,7.1137,7.4565363,7.1137
1605968216,7.1137,7.1137,7.4565363,7.1137
1605968217,7.1137,7.1137,7.4565363,7.1137
1605968218,7.1137,7.1137,7.4565363,7.1137
1605968219,7.1137,7.1137,7.4565363,7.1137
1605968220,7.1137,7.1137,7.4565363,7.1137
1605968221,7.1137,7.1137,7.4565363,7.1137
1605968222,7.1137,7.1137,7.4565363,7.1137
1605968223,7.1137,7.1137,7.4565363,7.1137
1605968224,7.1137,7.1137,7.4565363,7.1137
1605968225,7.1137,7.1137,7.4565363,7.1137
1605968226,7.1137,7.1137,7.4565363,7.1137
1605968227,7.1137,7.1137,7.4565363,7.1137
1605968228,7.1137,7.1137,7.4565363,7.1137
1605968229,7.1137,7.1137,7.4565363,7.1137
1605968230,7.1137,7.1137,7.4565363,7.1137
1605968231,7.1137,7.1137,7.4565363,7.1137
1605968232,7.1137,7.1137,7.4565363,7.1137
1605968233,7.1137,7.1137,7.4565363,7.1137
1605968234,7.1137,7.1137,7.4565363,7.1137
1605968235,7.1137,7.1137,7.4565363,7.1137
1605968236,7.1137,7.1137,7.4565363,7.1137
1605968237,7.1137,7.1137,7.4565363,7.1137
1605968238,7.1137,7.1137,7.4565363,7.1137
1605968239,7.1137,7.1137,7.4565363,7.1137
1605968240,7.1137,7.1137,7.4565363,7.1137
1605968241,7.1137,7.1137,7.4565363,7.1137
1605968242,7.1137,7.1137,7.4565363,7.1137
1605968243,7.1137,7.1137,7.4565363,7.1137
1605968244,7.1137,7.1137,7.4565363,7.1137
1605968245,7.1137,7.1137,7.4565363,7.1137
1605968246,7.1137,7.1137,7.4565363,7.1137
1605968247,7.1137,7.1137,7.4565363,7.1137
1605968248,7.1137,7.1137,7.4565363,7.1137
1605968249,7.1137,7.1137,7.4565363,7.1137
1605968250,7.1137,7.1137,7.4565363,7.1137
1605968251,7.1137,7.1137,7.4565363,7.1137
1605968252,7.1137,7.1137,7.4565363,7.1137
1605968253,7.1137,7.1137,7.4565363,7.1137
1605968254,7.1137,7.1137,7.4565363,7.1137
1605968255,7.1137,7.1137,7.4565363,7.1137
1605968256,7.1137,7.1137,7.4565363,7.1137
1605968257,7.1137,7.1137,7.4565363,7.1137
1605968258,7.1137,7.1137,7.4565363,7.1137
1605968259,7.1137,7.1137,7.4565363,7.1137
1605968260,7.1137,7.1137,7.4565363,7.1137
1605968261,7.1137,7.1137,7.4565363,7.1137
1605968262,7.1137,7.1137,7.4565363,7.1137
1605968263,7.1137,7.1137,7.4565363,7.1137
1605968264,7.1137,7.1137,7.4565363,7.1137
1605968265,7.1137,7.1137,7.4565363,7.1137
1605968266,7.1137,7.1137,7.4565363,7.1137
1605968267,7.1137,7.1137,7.4565363,7.1137
1605968268,7.1137,7.1137,7.4565363,7.1137
1605968269,7.1137,7.1137,7.4565363,7.1137
1605968270,7.1137,7.1137,7.4565363,7.1137
1605968271,7.1137,7.1137,7.4565363,7.1137
1605968272,7.1137,7.1137,7.4565363,7.1137
1605968273,7.1137,7.1137,7.4565363,7.1137
1605968274,7.1137,7.1137,7.4565363,7.1137
1605968275,7.1137,7.1137,7.4565363,7.1137
1605968276,7.1137,7.1137,7.4565363,7.1137
1605968277,7.1137,7.1137,7.4565363,7.1137
1605968278,7.1137,7.1137,7.4565363,7.1137
1605968279,7.1137,7.1137,7.4565363,7.1137
1605968280,7.1137,7.1137,7.4565363,7.1137
1605968281,7.1137,7.1137,7.4565363,7.1137
1605968282,7.1137,7.1137,7.4565363,7.1137
1605968283,7.1137,7.1137,7.4565363,7.1137
1605968284,7.1137,7.1137,7.4565363,7.1137
1605968285,7.1137,7.1137,7.4565363,7.1137
1605968286,7.1137,7.1137,7.4565363,7.1137
1605968287,7.1137,7.1137,7.4565363,7.1137
1605968288,7.1137,7.1137,7.4565363,7.1137
1605968289,7.1137,7.1137,7.4565363,7.1137
1605968290,7.1137,7.1137,7.4565363,7.1137
1605968291,7.1137,7.1137,7.4565363,7.1137
1605968292,7.1137,7.1137,7.4565363,7.1137
1605968293,7.1137,7.1137,7.4565363,7.1137
1605968294,7.1137,7.1137,7.4565363,7.1137
1605968295,7.1137,7.1137,7.4565363,7.1137
1605968296,7.1137,7.1137,7.4565363,7.1137
1605968297,7.1137,7.1137,7.4565363,7.1137
1605968298,7.1137,7.1137,7.4565363,7.1137
1605968299,7.1137,7.1137,7.4565363,7.1137
1605968300,7.1137,7.1137,7.4565363,7.1137
1605968301,7.1137,7.1137,7.4565363,7.1137
1605968302,7.1137,7.1137,7.4565363,7.1137
1605968303,7.1137,7.1137,7.4565363,7.1137
1605968304,7.1137,7.1137,7.4565363,7.1137
1605968305,7.1137,7.1137,7.4565363,7.1137
1605968306,7.1137,7.1137,7.4565363,7.1137
1605968307,7.1137,7.1137,7.4565363,7.1137
1605968308,7.1137,7.1137,7.4565363,7.1137
1605968309,7.1137,7.1137,7.4565363,7.1137
1605968310,7.1137,7.1137,7.4565363,7.1137
1605968311,7.1137,7.1137,7.4565363,7.1137
1605968312,7.1137,7.1137,7.4565363,7.1137
1605968313,7.1137,7.1137,7.4565363,7.1137
1605968314,7.1137,7.1137,7.4565363,7.1137
1605968315,7.1137,7.1137,7.4565363,7.1137
1605968316,7.1137,7.1137,7.4565363,7.1137
1605968317,7.1137,7.1137,7.4565363,7.1137
1605968318,7.1137,7.1137,7.4565363,7.1137
1605968319,7.1137,7.1137,7.4565363,7.1137
1605968320,7.1137,7.1137,7.4565363,7.1137
1605968321,7.1137,7.1137,7.4565363,7.1137
1605968322,7.1137,7.1137,7.4565363,7.1137
1605968323,7.1137,7.1137,7.4565363,7.1137
1605968324,7.1137,7.1137,7.4565363,7.1137
1605968325,7.1137,7.1137,7.4565363,7.1137
1605968326,7.1137,7.1137,7.4565363,7.1137
1605968327,7.1137,7.1137,7.4565363,7.1137
1605968328,7.1137,7.1137,7.4565363,7.1137
1605968329,7.1137,7.1137,7.4565363,7.1137
1605968330,7.1137,7.1137,7.4565363,7.1137
1605968331,7.1137,7.1137,7.4565363,7.1137
1605968332,7.1137,7.1137,7.4565363,7.1137
1605968333,7.1137,7.1137,7.4565363,7.1137
1605968334,7.1137,7.1137,7.4565363,7.1137
1605968335,7.1137,7.1137,7.4565363,7.1137
1605968336,7.1137,7.1137,7.4565363,7.1137
1605968337,7.1137,7.1137,7.4565363,7.1137
1605968338,7.1137,7.1137,7.4565363,7.1137
1605968339,7.1137,7.1137,7.4565363,7.1137
1605968340,7.1137,7.1137,7.4565363,7.1137
1605968341,7.1137,7.1137,7.4565363,7.1137
1605968342,7.1137,7.1137,7.4565363,7.1137
1605968343,7.1137,7.1137,7.4565363,7.1137
1605968344,7.1137,7.1137,7.4565363,7.1137
1605968345,7.1137,7.1137,7.4565363,7.1137
1605968346,7.1137,7.1137,7.4565363,7.1137
1605968347,7.1137,7.1137,7.4565363,7.1137
1605968348,7.1137,7.1137,7.4565363,7.1137
1605968349,7.1137,7.1137,7.4565363,7.1137
1605968350,7.1137,7.1137,7.4565363,7.1137
1605968351,7.1137,7.1137,7.4565363,7.1137
1605968352,7.1137,7.1137,7.4565363,7.1137
1605968353,7.1137,7.1137,7.4565363,7.1137
1605968354,7.1137,7.1137,7.4565363,7.1137
1605968355,7.1137,7.1137,7.4565363,7.1137
1605968356,7.1137,7.1137,7.4565363,7.1137
1605968357,7.1137,7.1137,7.4565363,7.1137
1605968358,7.1137,7.1137,7.4565363,7.1137
1605968359,7.1137,7.1137,7.4565363,7.1137
1605968360,7.1137,7.1137,7.4565363,7.1137
1605968361,7.1137,7.1137,7.4565363,7.1137
1605968362,7.1137,7.1137,7.4565363,7.1137
1605968363,7.1137,7.1137,7.4565363,7.1137
1605968364,7.1137,7.1137,7.4565363,7.1137
1605968365,7.1137,7.1137,7.4565363,7.1137
1605968366,7.1137,7.1137,7.4565363,7.1137
1605968367,7.1137,7.1137,7.4565363,7.1137
1605968368,7.1137,7.1137,7.4565363,7.1137
1605968369,7.1137,7.1137,7.4565363,7.1137
1605968370,7.1137,7.1137,7.4565363,7.1137
1605968371,7.1137,7.1137,7.4565363,7.1137
1605968372,7.1137,7.1137,7.4565363,7.1137
1605968373,7.1137,7.1137,7.4565363,7.1137
1605968374,7.1137,7.1137,7.4565363,7.1137
1605968375,7.1137,7.1137,7.4565363,7.1137
1605968376,7.1137,7.1137,7.4565363,7.1137
1605968377,7.1137,7.1137,7.4565363,7.1137
1605968378,7.1137,7.1137,7.4565363,7.1137
1605968379,7.1137,7.1137,7.4565363,7.1137
1605968380,7.1137,7.1137,7.4565363,7.1137
1605968381,7.1137,7.1137,7.4565363,7.1137
1605968382,7.1137,7.1137,7.4565363,7.1137
1605968383,7.1137,7.1137,7.4565363,7.1137
1605968384,7.1137,7.1137,7.4565363,7.1137
1605968385,7.1137,7.1137,7.4565363,7.1137
1605968386,7.1137,7.1137,7.4565363,7.1137
1605968387,7.1137,7.1137,7.4565363,7.1137
1605968388,7.1137,7.1137,7.4565363,7.1137
1605968389,7.1137,7.1137,7.4565363,7.1137
1605968390,7.1137,7.1137,7.4565363,7.1137
1605968391,7.1137,7.1137,7.4565363,7.1137
1605968392,7.1137,7.1137,7.4565363,7.1137
1605968393,7.1137,7.1137,7.4565363,7.1137
1605968394,7.1137,7.1137,7.4565363,7.1137
1605968395,7.1137,7.1137,7.4565363,7.1137
1605968396,7.1137,7.1137,7.4565363,7.1137
1605968397,7.1137,7.1137,7.4565363,7.1137
1605968398,7.1137,7.1137,7.4565363,7.1137
1605968399,7.1137,7.1137,7.4565363,7.1137
1605968400,7.1137,7.1137,7.4565363,7.1137
1605968401,7.1137,7.1137,7.4565363,7.1137
1605968402,7.1137,7.1137,7.4565363,7.1137
1605968403,7.1137,7.1137,7.4565363,7.1137
1605968404,7.1137,7.1137,7.4565363,7.1137
1605968405,7.1137,7.1137,7.4565363,7.1137
1605968406,7.1137,7.1137,7.4565363,7.1137
1605968407,7.1137,7.1137,7.4565363,7.1137
1605968408,7.1137,7.1137,7.4565363,7.1137
1605968409,7.1137,7.1137,7.4565363,7.1137
1605968410,7.1137,7.1137,7.4565363,7.1137
1605968411,7.1137,7.1137,7.4565363,7.1137
1605968412,7.1137,7.1137,7.4565363,7.1137
1605968413,7.1137,7.1137,7.4565363,7.1137
1605968414,7.1137,7.1137,7.4565363,7.1137
1605968415,7.1137,7.1137,7.4565363,7.1137
1605968416,7.1137,7.1137,7.4565363,7.1137
1605968417,7.1137,7.1137,7.4565363,7.1137
1605968418,7.1137,7.1137,7.4565363,7.1137
1605968419,7.1137,7.1137,7.4565363,7.1137
1605968420,7.1137,7.1137,7.4565363,7.1137
1605968421,7.1137,7.1137,7.4565363,7.1137
1605968422,7.1137,7.1137,7.4565363,7.1137
1605968423,7.1137,7.1137,7.4565363,7.1137
1605968424,7.1137,7.1137,7.4565363,7.1137
1605968425,7.1137,7.1137,7.4565363,7.1137
1605968426,7.1137,7.1137,7.4565363,7.1137
1605968427,7.1137,7.1137,7.4565363,7.1137
1605968428,7.1137,7.1137,7.4565363,7.1137
1605968429,7.1137,7.1137,7.4565363,7.1137
1605968430,7.1137,7.1137,7.4565363,7.1137
1605968431,7.1137,7.1137,7.4565363,7.1137
1605968432,7.1137,7.1137,7.4565363,7.1137
1605968433,7.1137,7.1137,7.4565363,7.1137
1605968434,7.1137,7.1137,7.4565363,7.1137
1605968435,7.1137,7.1137,7.4565363,7.1137
1605968436,7.1137,7.1137,7.4565363,7.1137
1605968437,7.1137,7.1137,7.4565363,7.1137
1605968438,7.1137,7.1137,7.4565363,7.1137
1605968439,7.1137,7.1137,7.4565363,7.1137
1605968440,7.1137,7.1137,7.4565363,7.1137
1605968441,7.1137,7.1137,7.4565363,7.1137
1605968442,7.1137,7.1137,7.4565363,7.1137
1605968443,7.1137,7.1137,7.4565363,7.1137
1605968444,7.1137,7.1137,7.4565363,7.1137
1605968445,7.1137,7.1137,7.4565363,7.1137
1605968446,7.1137,7.1137,7.4565363,7.1137
1605968447,7.1137,7.1137,7.4565363,7.1137
1605968448,7.1137,7.1137,7.4565363,7.1137
1605968449,7.1137,7.1137,7.4565363,7.1137
1605968450,7.1137,7.1137,7.4565363,7.1137
1605968451,7.1137,7.1137,7.4565363,7.1137
1605968452,7.1137,7.1137,7.4565363,7.1137
1605968453,7.1137,7.1137,7.4565363,7.1137
1605968454,7.1137,7.1137,7.4565363,7.1137
1605968455,7.1137,7.1137,7.4565363,7.1137
1605968456,7.1137,7.1137,7.4565363,7.1137
1605968457,7.1137,7.1137,7.4565363,7.1137
1605968458,7.1137,7.1137,7.4565363,7.1137
1605968459,7.1137,7.1137,7.4565363,7.1137
1605968460,7.1137,7.1137,7.4565363,7.1137
1605968461,7.1137,7.1137,7.4565363,7.1137
1605968462,7.1137,7.1137,7.4565363,7.1137
1605968463,7.1137,7.1137,7.4565363,7.1137
1605968464,7.1137,7.1137,7.4565363,7.1137
1605968465,7.1137,7.1137,7.4565363,7.1137
1605968466,7.1137,7.1137,7.4565363,7.1137
1605968467,7.1137,7.1137,7.4565363,7.1137
1605968468,7.1137,7.1137,7.4565363,7.1137
1605968469,7.1137,7.1137,7.4565363,7.1137
1605968470,7.1137,7.1137,7.4565363,7.1137
1605968471,7.1137,7.1137,7.4565363,7.1137
1605968472,7.1137,7.1137,7.4565363,7.1137
1605968473,7.1137,7.1137,7.4565363,7.1137
1605968474,7.1137,7.1137,7.4565363,7.1137
1605968475,7.1137,7.1137,7.4565363,7.1137
1605968476,7.1137,7.1137,7.4565363,7.1137
1605968477,7.1137,7.1137,7.4565363,7.1137
1605968478,7.1137,7.1137,7.4565363,7.1137
1605968479,7.1137,7.1137,7.4565363,7.1137
1605968480,7.1137,7.1137,7.4565363,7.1137
1605968481,7.1137,7.1137,7.4565363,7.1137
1605968482,7.1137,7.1137,7.4565363,7.1137
1605968483,7.1137,7.1137,7.4565363,7.1137
1605968484,7.1137,7.1137,7.4565363,7.1137
1605968485,7.1137,7.1137,7.4565363,7.1137
1605968486,7.1137,7.1137,7.4565363,7.1137
1605968487,7.1137,7.1137,7.4565363,7.1137
1605968488,7.1137,7.1137,7.4565363,7.1137
1605968489,7.1137,7.1137,7.4565363,7.1137
1605968490,7.1137,7.1137,7.4565363,7.1137
1605968491,7.1137,7.1137,7.4565363,7.1137
1605968492,7.1137,7.1137,7.4565363,7.1137
1605968493,7.1137,7.1137,7.4565363,7.1137
1605968494,7.1137,7.1137,7.4565363,7.1137
1605968495,7.1137,7.1137,7.4565363,7.1137
1605968496,7.1137,7.1137,7.4565363,7.1137
1605968497,7.1137,7.1137,7.4565363,7.1137
1605968498,7.1137,7.1137,7.4565363,7.1137
1605968499,7.1137,7.1137,7.4565363,7.1137
1605968500,7.1137,7.1137,7.4565363,7.1137
1605968501,7.1137,7.1137,7.4565363,7.1137
1605968502,7.1137,7.1137,7.4565363,7.1137
1605968503,7.1137,7.1137,7.4565363,7.1137
1605968504,7.1137,7.1137,7.4565363,7.1137
1605968505,7.1137,7.1137,7.4565363,7.1137
1605968506,7.1137,7.1137,7.4565363,7.1137
1605968507,7.1137,7.1137,7.4565363,7.1137
1605968508,7.1137,7.1137,7.4565363,7.1137
1605968509,7.1137,7.1137,7.4565363,7.1137
1605968510,7.1137,7.1137,7.4565363,7.1137
1605968511,7.1137,7.1137,7.4565363,7.1137
1605968512,7.1137,7.1137,7.4565363,7.1137
1605968513,7.1137,7.1137,7.4565363,7.1137
1605968514,7.1137,7.1137,7.4565363,7.1137
1605968515,7.1137,7.1137,7.4565363,7.1137
1605968516,7.1137,7.1137,7.4565363,7.1137
1605968517,7.1137,7.1137,7.4565363,7.1137
1605968518,7.1137,7.1137,7.4565363,7.1137
1605968519,7.1137,7.1137,7.4565363,7.1137
1605968520,7.1137,7.1137,7.4565363,7.1137
1605968521,7.1137,7.1137,7.4565363,7.1137
1605968522,7.1137,7.1137,7.4565363,7.1137
1605968523,7.1137,7.1137,7.4565363,7.1137
1605968524,7.1137,7.1137,7.4565363,7.1137
1605968525,7.1137,7.1137,7.4565363,7.1137
1605968526,7.1137,7.1137,7.4565363,7.1137
1605968527,7.1137,7.1137,7.4565363,7.1137
1605968528,7.1137,7.1137,7.4565363,7.1137
1605968529,7.1137,7.1137,7.4565363,7.1137
1605968530,7.1137,7.1137,7.4565363,7.1137
1605968531,7.1137,7.1137,7.4565363,7.1137
1605968532,7.1137,7.1137,7.4565363,7.1137
1605968533,7.1137,7.1137,7.4565363,7.1137
1605968534,7.1137,7.1137,7.4565363,7.1137
1605968535,7.1137,7.1137,7.4565363,7.1137
1605968536,7.1137,7.1137,7.4565363,7.1137
1605968537,7.1137,7.1137,7.4565363,7.1137
1605968538,7.1137,7.1137,7.4565363,7.1137
1605968539,7.1137,7.1137,7.4565363,7.1137
1605968540,7.1137,7.1137,7.4565363,7.1137
1605968541,7.1137,7.1137,7.4565363,7.1137
1605968542,7.1137,7.1137,7.4565363,7.1137
1605968543,7.1137,7.1137,7.4565363,7.1137
1605968544,7.1137,7.1137,7.4565363,7.1137
1605968545,7.1137,7.1137,7.4565363,7.1137
1605968546,7.1137,7.1137,7.4565363,7.1137
1605968547,7.1137,7.1137,7.4565363,7.1137
1605968548,7.1137,7.1137,7.4565363,7.1137
1605968549,7.1137,7.1137,7.4565363,7.1137
1605968550,7.1137,7.1137,7.4565363,7.1137
1605968551,7.1137,7.1137,7.4565363,7.1137
1605968552,7.1137,7.1137,7.4565363,7.1137
1605968553,7.1137,7.1137,7.4565363,7.1137
1605968554,7.1137,7.1137,7.4565363,7.1137
1605968555,7.1137,7.1137,7.4565363,7.1137
1605968556,7.1137,7.1137,7.4565363,7.1137
1605968557,7.1137,7.1137,7.4565363,7.1137
1605968558,7.1137,7.1137,7.4565363,7.1137
1605968559,7.1137,7.1137,7.4565363,7.1137
1605968560,7.1137,7.1137,7.4565363,7.1137
1605968561,7.1137,7.1137,7.4565363,7.1137
1605968562,7.1137,7.1137,7.4565363,7.1137
1605968563,7.1137,7.1137,7.4565363,7.1137
1605968564,7.1137,7.1137,7.4565363,7.1137
1605968565,7.1137,7.1137,7.4565363,7.1137
1605968566,7.1137,7.1137,7.4565363,7.1137
1605968567,7.1137,7.1137,7.4565363,7.1137
1605968568,7.1137,7.1137,7.4565363,7.1137
1605968569,7.1137,7.1137,7.4565363,7.1137
1605968570,7.1137,7.1137,7.4565363,7.1137
1605968571,7.1137,7.1137,7.4565363,7.1137
1605968572,7.1137,7.1137,7.4565363,7.1137
1605968573,7.1137,7.1137,7.4565363,7.1137
1605968574,7.1137,7.1137,7.4565363,7.1137
1605968575,7.1137,7.1137,7.4565363,7.1137
1605968576,7.1137,7.1137,7.4565363,7.1137
1605968577,7.1137,7.1137,7.4565363,7.1137
1605968578,7.1137,7.1137,7.4565363,7.1137
1605968579,7.1137,7.1137,7.4565363,7.1137
1605968580,7.1137,7.1137,7.4565363,7.1137
1605968581,7.1137,7.1137,7.4565363,7.1137
1605968582,7.1137,7.1137,7.4565363,7.1137
1605968583,7.1137,7.1137,7.4565363,7.1137
1605968584,7.1137,7.1137,7.4565363,7.1137
1605968585,7.1137,7.1137,7.4565363,7.1137
1605968586,7.1137,7.1137,7.4565363,7.1137
1605968587,7.1137,7.1137,7.4565363,7.1137
1605968588,7.1137,7.1137,7.4565363,7.1137
1605968589,7.1137,7.1137,7.4565363,7.1137
1605968590,7.1137,7.1137,7.4565363,7.1137
1605968591,7.1137,7.1137,7.4565363,7.1137
1605968592,7.1137,7.1137,7.4565363,7.1137
1605968593,7.1137,7.1137,7.4565363,7.1137
1605968594,7.1137,7.1137,7.4565363,7.1137
1605968595,7.1137,7.1137,7.4565363,7.1137
1605968596,7.1137,7.1137,7.4565363,7.1137
1605968597,7.1137,7.1137,7.4565363,7.1137
1605968598,7.1137,7.1137,7.4565363,7.1137
1605968599,7.1137,7.1137,7.4565363,7.1137
1605968600,7.1137,7.1137,7.4565363,7.1137
1605968601,7.1137,7.1137,7.4565363,7.1137
1605968602,7.1137,7.1137,7.4565363,7.1137
1605968603,7.1137,7.1137,7.4565363,7.1137
1605968604,7.1137,7.1137,7.4565363,7.1137
1605968605,7.1137,7.1137,7.4565363,7.1137
1605968606,7.1137,7.1137,7.4565363,7.1137
1605968607,7.1137,7.1137,7.4565363,7.1137
1605968608,7.1137,7.1137,7.4565363,7.1137
1605968609,7.1137,7.1137,7.4565363,7.1137
1605968610,7.1137,7.1137,7.4565363,7.1137
1605968611,7.1137,7.1137,7.4565363,7.1137
1605968612,7.1137,7.1137,7.4565363,7.1137
1605968613,7.1137,7.1137,7.4565363,7.1137
1605968614,7.1137,7.1137,7.4565363,7.1137
1605968615,7.1137,7.1137,7.4565363,7.1137
1605968616,7.1137,7.1137,7.4565363,7.1137
1605968617,7.1137,7.1137,7.4565363,7.1137
1605968618,7.1137,7.1137,7.4565363,7.1137
1605968619,7.1137,7.1137,7.4565363,7.1137
1605968620,7.1137,7.1137,7.4565363,7.1137
1605968621,7.1137,7.1137,7.4565363,7.1137
1605968622,7.1137,7.1137,7.4565363,7.1137
1605968623,7.1137,7.1137,7.4565363,7.1137
1605968624,7.1137,7.1137,7.4565363,7.1137
1605968625,7.1137,7.1137,7.4565363,7.1137
1605968626,7.1137,7.1137,7.4565363,7.1137
1605968627,7.1137,7.1137,7.4565363,7.1137
1605968628,7.1137,7.1137,7.4565363,7.1137
1605968629,7.1137,7.1137,7.4565363,7.1137
1605968630,7.1137,7.1137,7.4565363,7.1137
1605968631,7.1137,7.1137,7.4565363,7.1137
1605968632,7.1137,7.1137,7.4565363,7.1137
1605968633,7.1137,7.1137,7.4565363,7.1137
1605968634,7.1137,7.1137,7.4565363,7.1137
1605968635,7.1137,7.1137,7.4565363,7.1137
1605968636,7.1137,7.1137,7.4565363,7.1137
1605968637,7.1137,7.1137,7.4565363,7.1137
1605968638,7.1137,7.1137,7.4565363,7.1137
1605968639,7.1137,7.1137,7.4565363,7.1137
