timestamp,pm25,pm25_0,pm25_1,pm25_2,pm25_3,cal_pm25_0,cal_pm25_1,cal_pm25_2,cal_pm25_3
1605709440,38.8,35.0,0.0,57.0,44.0,17.369036,4.0024996,34.200535,31.774727
1605709441,38.801944444444445,36.0,0.0,57.0,44.0,17.369036,4.0024996,34.200535,31.774727
1605709442,38.80388888888889,36.0,0.0,58.0,44.0,17.369036,4.0024996,34.96536,31.774727
1605709443,38.80583333333333,36.0,0.0,58.0,44.0,17.369036,4.0024996,34.96536,31.774727
1605709444,38.80777777777778,35.0,0.0,59.0,44.0,17.369036,4.0024996,35.84081,31.774727
1605709445,38.80972222222222,35.0,0.0,59.0,44.0,17.369036,4.0024996,35.84081,31.774727
1605709446,38.81166666666667,35.0,0.0,60.0,44.0,17.369036,4.0024996,37.58312,31.774727
1605709447,38.813611111111115,35.0,0.0,60.0,44.0,17.369036,4.0024996,37.58312,31.774727
1605709448,38.815555555555555,35.0,0.0,60.0,44.0,17.369036,4.0024996,37.58312,31.774727
1605709449,38.8175,34.0,0.0,60.0,44.0,17.369036,4.0024996,37.58312,31.774727
1605709450,38.81944444444444,34.0,0.0,61.0,44.0,17.369036,4.0024996,39.23413,31.774727
1605709451,38.82138888888889,34.0,0.0,61.0,44.0,17.369036,4.0024996,39.23413,31.774727
1605709452,38.82333333333333,34.0,0.0,61.0,43.0,17.369036,4.0024996,39.23413,31.774727
1605709453,38.82527777777778,34.0,0.0,61.0,44.0,17.369036,4.0024996,39.23413,31.774727
1605709454,38.827222222222225,34.0,0.0,61.0,43.0,17.369036,4.0024996,39.23413,31.774727
1605709455,38.829166666666666,34.0,0.0,62.0,43.0,17.369036,4.0024996,39.572144,31.774727
1605709456,38.83111111111111,34.0,0.0,62.0,43.0,17.369036,4.0024996,39.572144,31.774727
1605709457,38.83305555555555,34.0,0.0,62.0,44.0,17.369036,4.0024996,39.572144,31.774727
1605709458,38.835,34.0,0.0,62.0,44.0,17.369036,4.0024996,39.572144,31.774727
1605709459,38.83694444444444,34.0,0.0,62.0,44.0,17.369036,4.0024996,39.572144,31.774727
1605709460,38.83888888888889,35.0,0.0,62.0,44.0,17.369036,4.0024996,39.572144,31.774727
1605709461,38.840833333333336,35.0,0.0,62.0,45.0,17.369036,4.0024996,39.572144,31.774727
1605709462,38.842777777777776,35.0,0.0,62.0,45.0,17.369036,4.0024996,39.572144,31.774727
1605709463,38.844722222222224,35.0,0.0,62.0,46.0,17.369036,4.0024996,39.572144,32.1319
1605709464,38.846666666666664,35.0,0.0,62.0,47.0,17.369036,4.0024996,39.572144,31.879604
1605709465,38.84861111111111,35.0,0.0,62.0,47.0,17.369036,4.0024996,39.572144,31.879604
1605709466,38.85055555555556,34.0,0.0,62.0,47.0,17.369036,4.0024996,39.572144,31.879604
1605709467,38.8525,34.0,0.0,62.0,47.0,17.369036,4.0024996,39.572144,31.879604
1605709468,38.85444444444445,34.0,0.0,62.0,47.0,17.369036,4.0024996,39.572144,31.879604
1605709469,38.85638888888889,34.0,0.0,62.0,47.0,17.369036,4.0024996,39.572144,31.879604
1605709470,38.858333333333334,34.0,0.0,61.0,47.0,17.369036,4.0024996,39.23413,31.879604
1605709471,38.860277777777775,35.0,0.0,61.0,47.0,17.369036,4.0024996,39.23413,31.879604
1605709472,38.86222222222222,35.0,0.0,61.0,46.0,17.369036,4.0024996,39.23413,32.1319
1605709473,38.86416666666667,35.0,0.0,61.0,45.0,17.369036,4.0024996,39.23413,31.774727
1605709474,38.86611111111111,36.0,0.0,61.0,45.0,17.369036,4.0024996,39.23413,31.774727
1605709475,38.86805555555556,36.0,0.0,61.0,44.0,17.369036,4.0024996,39.23413,31.774727
1605709476,38.87,37.0,0.0,61.0,44.0,17.369036,4.0024996,39.23413,31.774727
1605709477,38.871944444444445,37.0,0.0,61.0,44.0,17.369036,4.0024996,39.23413,31.774727
1605709478,38.873888888888885,37.0,0.0,60.0,44.0,17.369036,4.0024996,37.58312,31.774727
1605709479,38.87583333333333,38.0,0.0,59.0,44.0,17.369036,4.0024996,35.84081,31.774727
1605709480,38.87777777777778,38.0,0.0,59.0,45.0,17.369036,4.0024996,35.84081,31.774727
1605709481,38.87972222222222,38.0,0.0,58.0,45.0,17.369036,4.0024996,34.96536,31.774727
1605709482,38.88166666666667,37.0,0.0,58.0,45.0,17.369036,4.0024996,34.96536,31.774727
1605709483,38.88361111111111,37.0,0.0,57.0,45.0,17.369036,4.0024996,34.200535,31.774727
1605709484,38.885555555555555,37.0,0.0,57.0,45.0,17.369036,4.0024996,34.200535,31.774727
1605709485,38.8875,36.0,0.0,56.0,45.0,17.369036,4.0024996,33.359085,31.774727
1605709486,38.88944444444444,36.0,0.0,56.0,45.0,17.369036,4.0024996,33.359085,31.774727
1605709487,38.89138888888889,36.0,0.0,56.0,45.0,17.369036,4.0024996,33.359085,31.774727
1605709488,38.89333333333333,36.0,0.0,56.0,44.0,17.369036,4.0024996,33.359085,31.774727
1605709489,38.89527777777778,36.0,0.0,56.0,44.0,17.369036,4.0024996,33.359085,31.774727
1605709490,38.897222222222226,36.0,0.0,56.0,44.0,17.369036,4.0024996,33.359085,31.774727
1605709491,38.899166666666666,36.0,0.0,55.0,44.0,17.369036,4.0024996,33.06314,31.774727
1605709492,38.90111111111111,36.0,0.0,55.0,44.0,17.369036,4.0024996,33.06314,31.774727
1605709493,38.903055555555554,36.0,0.0,55.0,44.0,17.369036,4.0024996,33.06314,31.774727
1605709494,38.905,37.0,0.0,55.0,44.0,17.369036,4.0024996,33.06314,31.774727
1605709495,38.90694444444444,37.0,0.0,55.0,44.0,17.369036,4.0024996,33.06314,31.774727
1605709496,38.90888888888889,37.0,0.0,55.0,44.0,17.369036,4.0024996,33.06314,31.774727
1605709497,38.910833333333336,37.0,0.0,55.0,44.0,17.369036,4.0024996,33.06314,31.774727
1605709498,38.91277777777778,37.0,0.0,56.0,45.0,17.369036,4.0024996,33.359085,31.774727
1605709499,38.914722222222224,37.0,0.0,56.0,45.0,17.369036,4.0024996,33.359085,31.774727
1605709500,38.916666666666664,38.0,0.0,57.0,45.0,17.369036,4.0024996,34.200535,31.774727
1605709501,38.91861111111111,38.0,0.0,57.0,45.0,17.369036,4.0024996,34.200535,31.774727
1605709502,38.92055555555555,38.0,0.0,58.0,46.0,17.369036,4.0024996,34.96536,32.1319
1605709503,38.9225,38.0,0.0,60.0,46.0,17.369036,4.0024996,37.58312,32.1319
1605709504,38.92444444444445,38.0,0.0,61.0,46.0,17.369036,4.0024996,39.23413,32.1319
1605709505,38.92638888888889,38.0,0.0,62.0,46.0,17.369036,4.0024996,39.572144,32.1319
1605709506,38.928333333333335,38.0,0.0,63.0,46.0,17.369036,4.0024996,39.216278,32.1319
1605709507,38.930277777777775,38.0,0.0,63.0,47.0,17.369036,4.0024996,39.216278,31.879604
1605709508,38.93222222222222,38.0,0.0,64.0,47.0,17.369036,4.0024996,40.01426,31.879604
1605709509,38.93416666666667,38.0,0.0,64.0,47.0,17.369036,4.0024996,40.01426,31.879604
1605709510,38.93611111111111,38.0,0.0,65.0,47.0,17.369036,4.0024996,41.064377,31.879604
1605709511,38.93805555555556,38.0,0.0,66.0,48.0,17.369036,4.0024996,41.37051,33.170334
1605709512,38.94,38.0,0.0,66.0,48.0,17.369036,4.0024996,41.37051,33.170334
1605709513,38.941944444444445,38.0,0.0,66.0,48.0,17.369036,4.0024996,41.37051,33.170334
1605709514,38.94388888888889,38.0,0.0,65.0,48.0,17.369036,4.0024996,41.064377,33.170334
1605709515,38.94583333333333,38.0,0.0,65.0,48.0,17.369036,4.0024996,41.064377,33.170334
1605709516,38.94777777777778,38.0,0.0,65.0,49.0,17.369036,4.0024996,41.064377,34.463043
1605709517,38.94972222222222,38.0,0.0,65.0,49.0,17.369036,4.0024996,41.064377,34.463043
1605709518,38.95166666666667,37.0,0.0,65.0,49.0,17.369036,4.0024996,41.064377,34.463043
1605709519,38.95361111111111,37.0,0.0,65.0,50.0,17.369036,4.0024996,41.064377,36.975258
1605709520,38.955555555555556,37.0,0.0,64.0,49.0,17.369036,4.0024996,40.01426,34.463043
1605709521,38.9575,37.0,0.0,63.0,49.0,17.369036,4.0024996,39.216278,34.463043
1605709522,38.95944444444444,37.0,0.0,62.0,49.0,17.369036,4.0024996,39.572144,34.463043
1605709523,38.96138888888889,37.0,0.0,62.0,49.0,17.369036,4.0024996,39.572144,34.463043
1605709524,38.96333333333333,37.0,0.0,61.0,49.0,17.369036,4.0024996,39.23413,34.463043
1605709525,38.96527777777778,37.0,0.0,61.0,49.0,17.369036,4.0024996,39.23413,34.463043
1605709526,38.96722222222222,37.0,0.0,60.0,49.0,17.369036,4.0024996,37.58312,34.463043
1605709527,38.969166666666666,37.0,0.0,59.0,49.0,17.369036,4.0024996,35.84081,34.463043
1605709528,38.971111111111114,38.0,0.0,59.0,49.0,17.369036,4.0024996,35.84081,34.463043
1605709529,38.973055555555554,38.0,0.0,58.0,49.0,17.369036,4.0024996,34.96536,34.463043
1605709530,38.975,38.0,0.0,58.0,49.0,17.369036,4.0024996,34.96536,34.463043
1605709531,38.97694444444444,38.0,0.0,58.0,49.0,17.369036,4.0024996,34.96536,34.463043
1605709532,38.97888888888889,38.0,0.0,58.0,48.0,17.369036,4.0024996,34.96536,33.170334
1605709533,38.98083333333334,38.0,0.0,58.0,48.0,17.369036,4.0024996,34.96536,33.170334
1605709534,38.98277777777778,38.0,0.0,58.0,48.0,17.369036,4.0024996,34.96536,33.170334
1605709535,38.984722222222224,38.0,0.0,58.0,47.0,17.369036,4.0024996,34.96536,31.879604
1605709536,38.986666666666665,38.0,0.0,58.0,46.0,17.369036,4.0024996,34.96536,32.1319
1605709537,38.98861111111111,37.0,0.0,59.0,46.0,17.369036,4.0024996,35.84081,32.1319
1605709538,38.99055555555555,37.0,0.0,59.0,45.0,17.369036,4.0024996,35.84081,31.774727
1605709539,38.9925,37.0,0.0,60.0,44.0,17.369036,4.0024996,37.58312,31.774727
1605709540,38.99444444444445,37.0,0.0,60.0,44.0,17.369036,4.0024996,37.58312,31.774727
1605709541,38.99638888888889,37.0,0.0,61.0,44.0,17.369036,4.0024996,39.23413,31.774727
1605709542,38.998333333333335,37.0,0.0,61.0,44.0,17.369036,4.0024996,39.23413,31.774727
1605709543,39.000277777777775,37.0,0.0,61.0,44.0,17.369036,4.0024996,39.23413,31.774727
1605709544,39.00222222222222,37.0,0.0,61.0,44.0,17.369036,4.0024996,39.23413,31.774727
1605709545,39.00416666666667,37.0,0.0,61.0,44.0,17.369036,4.0024996,39.23413,31.774727
1605709546,39.00611111111111,37.0,0.0,62.0,44.0,17.369036,4.0024996,39.572144,31.774727
1605709547,39.00805555555556,37.0,0.0,62.0,45.0,17.369036,4.0024996,39.572144,31.774727
1605709548,39.01,37.0,0.0,62.0,45.0,17.369036,4.0024996,39.572144,31.774727
1605709549,39.011944444444445,37.0,0.0,62.0,45.0,17.369036,4.0024996,39.572144,31.774727
1605709550,39.013888888888886,37.0,0.0,62.0,45.0,17.369036,4.0024996,39.572144,31.774727
1605709551,39.01583333333333,37.0,0.0,63.0,45.0,17.369036,4.0024996,39.216278,31.774727
1605709552,39.01777777777778,37.0,0.0,63.0,45.0,17.369036,4.0024996,39.216278,31.774727
1605709553,39.01972222222222,37.0,0.0,63.0,45.0,17.369036,4.0024996,39.216278,31.774727
1605709554,39.02166666666667,36.0,0.0,63.0,45.0,17.369036,4.0024996,39.216278,31.774727
1605709555,39.02361111111111,36.0,0.0,64.0,45.0,17.369036,4.0024996,40.01426,31.774727
1605709556,39.025555555555556,36.0,0.0,64.0,45.0,17.369036,4.0024996,40.01426,31.774727
1605709557,39.0275,36.0,0.0,64.0,45.0,17.369036,4.0024996,40.01426,31.774727
1605709558,39.029444444444444,36.0,0.0,64.0,45.0,17.369036,4.0024996,40.01426,31.774727
1605709559,39.03138888888889,36.0,0.0,65.0,45.0,17.369036,4.0024996,41.064377,31.774727
1605709560,39.03333333333333,36.0,0.0,65.0,46.0,17.369036,4.0024996,41.064377,32.1319
1605709561,39.03527777777778,36.0,0.0,65.0,46.0,17.369036,4.0024996,41.064377,32.1319
1605709562,39.03722222222222,36.0,0.0,65.0,46.0,17.369036,4.0024996,41.064377,32.1319
1605709563,39.03916666666667,36.0,0.0,65.0,47.0,17.369036,4.0024996,41.064377,31.879604
1605709564,39.041111111111114,37.0,0.0,66.0,47.0,17.369036,4.0024996,41.37051,31.879604
1605709565,39.043055555555554,37.0,0.0,66.0,47.0,17.369036,4.0024996,41.37051,31.879604
1605709566,39.045,37.0,0.0,66.0,47.0,17.369036,4.0024996,41.37051,31.879604
1605709567,39.04694444444444,38.0,0.0,66.0,48.0,17.369036,4.0024996,41.37051,33.170334
1605709568,39.04888888888889,38.0,0.0,66.0,48.0,17.369036,4.0024996,41.37051,33.170334
1605709569,39.05083333333333,38.0,0.0,66.0,48.0,17.369036,4.0024996,41.37051,33.170334
1605709570,39.05277777777778,38.0,0.0,66.0,48.0,17.369036,4.0024996,41.37051,33.170334
1605709571,39.054722222222225,39.0,0.0,65.0,47.0,17.369036,4.0024996,41.064377,31.879604
1605709572,39.056666666666665,39.0,0.0,65.0,47.0,17.369036,4.0024996,41.064377,31.879604
1605709573,39.05861111111111,39.0,0.0,65.0,47.0,17.369036,4.0024996,41.064377,31.879604
1605709574,39.06055555555555,39.0,0.0,65.0,47.0,17.369036,4.0024996,41.064377,31.879604
1605709575,39.0625,39.0,0.0,65.0,47.0,17.369036,4.0024996,41.064377,31.879604
1605709576,39.06444444444445,39.0,0.0,65.0,48.0,17.369036,4.0024996,41.064377,33.170334
1605709577,39.06638888888889,39.0,0.0,65.0,48.0,17.369036,4.0024996,41.064377,33.170334
1605709578,39.068333333333335,39.0,0.0,65.0,48.0,17.369036,4.0024996,41.064377,33.170334
1605709579,39.070277777777775,39.0,0.0,65.0,49.0,17.369036,4.0024996,41.064377,34.463043
1605709580,39.07222222222222,39.0,0.0,66.0,49.0,17.369036,4.0024996,41.37051,34.463043
1605709581,39.07416666666667,39.0,0.0,66.0,50.0,17.369036,4.0024996,41.37051,36.975258
1605709582,39.07611111111111,39.0,0.0,66.0,50.0,17.369036,4.0024996,41.37051,36.975258
1605709583,39.07805555555556,39.0,0.0,66.0,50.0,17.369036,4.0024996,41.37051,36.975258
1605709584,39.08,39.0,0.0,65.0,51.0,17.369036,4.0024996,41.064377,37.43394
1605709585,39.081944444444446,39.0,0.0,65.0,51.0,17.369036,4.0024996,41.064377,37.43394
1605709586,39.083888888888886,38.0,0.0,65.0,51.0,17.369036,4.0024996,41.064377,37.43394
1605709587,39.08583333333333,38.0,0.0,64.0,52.0,17.369036,4.0024996,40.01426,35.745213
1605709588,39.08777777777778,38.0,0.0,64.0,52.0,17.369036,4.0024996,40.01426,35.745213
1605709589,39.08972222222222,38.0,0.0,63.0,51.0,17.369036,4.0024996,39.216278,37.43394
1605709590,39.09166666666667,39.0,0.0,63.0,51.0,17.369036,4.0024996,39.216278,37.43394
1605709591,39.09361111111111,39.0,0.0,62.0,51.0,17.369036,4.0024996,39.572144,37.43394
1605709592,39.095555555555556,39.0,0.0,62.0,51.0,17.369036,4.0024996,39.572144,37.43394
1605709593,39.0975,39.0,0.0,62.0,51.0,17.369036,4.0024996,39.572144,37.43394
1605709594,39.099444444444444,39.0,0.0,62.0,50.0,17.369036,4.0024996,39.572144,36.975258
1605709595,39.10138888888889,40.0,0.0,62.0,50.0,33.643383,4.0024996,39.572144,36.975258
1605709596,39.10333333333333,40.0,0.0,62.0,50.0,33.643383,4.0024996,39.572144,36.975258
1605709597,39.10527777777778,40.0,0.0,62.0,50.0,33.643383,4.0024996,39.572144,36.975258
1605709598,39.10722222222222,40.0,0.0,62.0,50.0,33.643383,4.0024996,39.572144,36.975258
1605709599,39.10916666666667,40.0,0.0,62.0,50.0,33.643383,4.0024996,39.572144,36.975258
1605709600,39.111111111111114,39.0,0.0,62.0,50.0,17.369036,4.0024996,39.572144,36.975258
1605709601,39.113055555555555,39.0,0.0,62.0,50.0,17.369036,4.0024996,39.572144,36.975258
1605709602,39.115,39.0,0.0,62.0,50.0,17.369036,4.0024996,39.572144,36.975258
1605709603,39.11694444444444,39.0,0.0,62.0,50.0,17.369036,4.0024996,39.572144,36.975258
1605709604,39.11888888888889,39.0,0.0,62.0,50.0,17.369036,4.0024996,39.572144,36.975258
1605709605,39.12083333333334,39.0,0.0,62.0,50.0,17.369036,4.0024996,39.572144,36.975258
1605709606,39.12277777777778,39.0,0.0,62.0,50.0,17.369036,4.0024996,39.572144,36.975258
1605709607,39.124722222222225,39.0,0.0,62.0,50.0,17.369036,4.0024996,39.572144,36.975258
1605709608,39.126666666666665,40.0,0.0,63.0,49.0,33.643383,4.0024996,39.216278,34.463043
1605709609,39.12861111111111,40.0,0.0,64.0,49.0,33.643383,4.0024996,40.01426,34.463043
1605709610,39.13055555555555,40.0,0.0,65.0,49.0,33.643383,4.0024996,41.064377,34.463043
1605709611,39.1325,40.0,0.0,65.0,49.0,33.643383,4.0024996,41.064377,34.463043
1605709612,39.13444444444445,40.0,0.0,66.0,48.0,33.643383,4.0024996,41.37051,33.170334
1605709613,39.13638888888889,41.0,0.0,67.0,48.0,33.619213,4.0024996,41.547077,33.170334
1605709614,39.138333333333335,41.0,0.0,67.0,48.0,33.619213,4.0024996,41.547077,33.170334
1605709615,39.140277777777776,41.0,0.0,67.0,48.0,33.619213,4.0024996,41.547077,33.170334
1605709616,39.14222222222222,41.0,0.0,69.0,48.0,33.619213,4.0024996,40.711266,33.170334
1605709617,39.14416666666666,41.0,0.0,70.0,48.0,33.619213,4.0024996,37.636467,33.170334
1605709618,39.14611111111111,41.0,0.0,70.0,48.0,33.619213,4.0024996,37.636467,33.170334
1605709619,39.14805555555556,42.0,0.0,71.0,48.0,31.774727,4.0024996,36.98432,33.170334
1605709620,39.15,42.0,0.0,71.0,47.0,31.774727,4.0024996,36.98432,31.879604
1605709621,39.151944444444446,42.0,0.0,71.0,47.0,31.774727,4.0024996,36.98432,31.879604
1605709622,39.153888888888886,42.0,0.0,70.0,47.0,31.774727,4.0024996,37.636467,31.879604
1605709623,39.155833333333334,42.0,0.0,70.0,47.0,31.774727,4.0024996,37.636467,31.879604
1605709624,39.15777777777778,42.0,0.0,70.0,47.0,31.774727,4.0024996,37.636467,31.879604
1605709625,39.15972222222222,42.0,0.0,69.0,47.0,31.774727,4.0024996,40.711266,31.879604
1605709626,39.16166666666667,41.0,0.0,68.0,47.0,33.619213,4.0024996,41.61796,31.879604
1605709627,39.16361111111111,41.0,0.0,68.0,47.0,33.619213,4.0024996,41.61796,31.879604
1605709628,39.16555555555556,41.0,0.0,67.0,47.0,33.619213,4.0024996,41.547077,31.879604
1605709629,39.1675,40.0,0.0,67.0,47.0,33.643383,4.0024996,41.547077,31.879604
1605709630,39.169444444444444,40.0,0.0,67.0,47.0,33.643383,4.0024996,41.547077,31.879604
1605709631,39.17138888888889,40.0,0.0,67.0,48.0,33.643383,4.0024996,41.547077,33.170334
1605709632,39.17333333333333,39.0,0.0,68.0,48.0,17.369036,4.0024996,41.61796,33.170334
1605709633,39.17527777777778,39.0,0.0,68.0,48.0,17.369036,4.0024996,41.61796,33.170334
1605709634,39.17722222222222,39.0,0.0,69.0,48.0,17.369036,4.0024996,40.711266,33.170334
1605709635,39.17916666666667,38.0,0.0,70.0,48.0,17.369036,4.0024996,37.636467,33.170334
1605709636,39.18111111111111,38.0,0.0,71.0,47.0,17.369036,4.0024996,36.98432,31.879604
1605709637,39.183055555555555,38.0,0.0,72.0,47.0,17.369036,4.0024996,37.319862,31.879604
1605709638,39.185,38.0,0.0,73.0,47.0,17.369036,4.0024996,38.487522,31.879604
1605709639,39.18694444444444,38.0,0.0,73.0,46.0,17.369036,4.0024996,38.487522,32.1319
1605709640,39.18888888888889,38.0,0.0,74.0,46.0,17.369036,4.0024996,38.8593,32.1319
1605709641,39.19083333333333,38.0,0.0,74.0,46.0,17.369036,4.0024996,38.8593,32.1319
1605709642,39.19277777777778,38.0,0.0,74.0,46.0,17.369036,4.0024996,38.8593,32.1319
1605709643,39.194722222222225,38.0,0.0,74.0,47.0,17.369036,4.0024996,38.8593,31.879604
1605709644,39.196666666666665,38.0,0.0,74.0,47.0,17.369036,4.0024996,38.8593,31.879604
1605709645,39.19861111111111,39.0,0.0,73.0,47.0,17.369036,4.0024996,38.487522,31.879604
1605709646,39.20055555555555,39.0,0.0,74.0,48.0,17.369036,4.0024996,38.8593,33.170334
1605709647,39.2025,39.0,0.0,74.0,48.0,17.369036,4.0024996,38.8593,33.170334
1605709648,39.20444444444445,38.0,0.0,74.0,49.0,17.369036,4.0024996,38.8593,34.463043
1605709649,39.20638888888889,38.0,0.0,74.0,49.0,17.369036,4.0024996,38.8593,34.463043
1605709650,39.208333333333336,38.0,0.0,75.0,49.0,17.369036,4.0024996,39.554497,34.463043
1605709651,39.210277777777776,38.0,0.0,75.0,49.0,17.369036,4.0024996,39.554497,34.463043
1605709652,39.21222222222222,38.0,0.0,76.0,50.0,17.369036,4.0024996,41.134144,36.975258
1605709653,39.214166666666664,38.0,0.0,77.0,50.0,17.369036,4.0024996,41.134144,36.975258
1605709654,39.21611111111111,39.0,0.0,77.0,50.0,17.369036,4.0024996,41.134144,36.975258
1605709655,39.21805555555556,39.0,0.0,78.0,50.0,17.369036,4.0024996,41.134144,36.975258
1605709656,39.22,39.0,0.0,78.0,50.0,17.369036,4.0024996,41.134144,36.975258
1605709657,39.221944444444446,39.0,0.0,78.0,49.0,17.369036,4.0024996,41.134144,34.463043
1605709658,39.22388888888889,39.0,0.0,79.0,49.0,17.369036,4.0024996,41.134144,34.463043
1605709659,39.225833333333334,39.0,0.0,79.0,49.0,17.369036,4.0024996,41.134144,34.463043
1605709660,39.227777777777774,39.0,0.0,78.0,49.0,17.369036,4.0024996,41.134144,34.463043
1605709661,39.22972222222222,39.0,0.0,78.0,48.0,17.369036,4.0024996,41.134144,33.170334
1605709662,39.23166666666667,39.0,0.0,78.0,48.0,17.369036,4.0024996,41.134144,33.170334
1605709663,39.23361111111111,39.0,0.0,78.0,48.0,17.369036,4.0024996,41.134144,33.170334
1605709664,39.23555555555556,39.0,0.0,78.0,49.0,17.369036,4.0024996,41.134144,34.463043
1605709665,39.2375,39.0,0.0,78.0,49.0,17.369036,4.0024996,41.134144,34.463043
1605709666,39.239444444444445,39.0,0.0,78.0,49.0,17.369036,4.0024996,41.134144,34.463043
1605709667,39.24138888888889,39.0,0.0,77.0,50.0,17.369036,4.0024996,41.134144,36.975258
1605709668,39.24333333333333,39.0,0.0,76.0,50.0,17.369036,4.0024996,41.134144,36.975258
1605709669,39.24527777777778,40.0,0.0,76.0,51.0,33.643383,4.0024996,41.134144,37.43394
1605709670,39.24722222222222,40.0,0.0,75.0,51.0,33.643383,4.0024996,39.554497,37.43394
1605709671,39.24916666666667,40.0,0.0,74.0,52.0,33.643383,4.0024996,38.8593,35.745213
1605709672,39.251111111111115,40.0,0.0,73.0,52.0,33.643383,4.0024996,38.487522,35.745213
1605709673,39.253055555555555,41.0,0.0,73.0,52.0,33.619213,4.0024996,38.487522,35.745213
1605709674,39.255,41.0,0.0,70.0,52.0,33.619213,4.0024996,37.636467,35.745213
1605709675,39.25694444444444,41.0,0.0,69.0,52.0,33.619213,4.0024996,40.711266,35.745213
1605709676,39.25888888888889,41.0,0.0,69.0,52.0,33.619213,4.0024996,40.711266,35.745213
1605709677,39.26083333333333,41.0,0.0,69.0,52.0,33.619213,4.0024996,40.711266,35.745213
1605709678,39.26277777777778,40.0,0.0,68.0,52.0,33.643383,4.0024996,41.61796,35.745213
1605709679,39.264722222222225,40.0,0.0,68.0,51.0,33.643383,4.0024996,41.61796,37.43394
1605709680,39.266666666666666,39.0,0.0,68.0,51.0,17.369036,4.0024996,41.61796,37.43394
1605709681,39.26861111111111,39.0,0.0,68.0,51.0,17.369036,4.0024996,41.61796,37.43394
1605709682,39.27055555555555,39.0,0.0,68.0,51.0,17.369036,4.0024996,41.61796,37.43394
1605709683,39.2725,38.0,0.0,68.0,51.0,17.369036,4.0024996,41.61796,37.43394
1605709684,39.27444444444444,38.0,0.0,69.0,51.0,17.369036,4.0024996,40.711266,37.43394
1605709685,39.27638888888889,38.0,0.0,69.0,51.0,17.369036,4.0024996,40.711266,37.43394
1605709686,39.278333333333336,38.0,0.0,69.0,51.0,17.369036,4.0024996,40.711266,37.43394
1605709687,39.280277777777776,38.0,0.0,69.0,50.0,17.369036,4.0024996,40.711266,36.975258
1605709688,39.282222222222224,38.0,0.0,69.0,50.0,17.369036,4.0024996,40.711266,36.975258
1605709689,39.284166666666664,38.0,0.0,69.0,50.0,17.369036,4.0024996,40.711266,36.975258
1605709690,39.28611111111111,38.0,0.0,69.0,50.0,17.369036,4.0024996,40.711266,36.975258
1605709691,39.28805555555556,38.0,0.0,70.0,49.0,17.369036,4.0024996,37.636467,34.463043
1605709692,39.29,39.0,0.0,73.0,49.0,17.369036,4.0024996,38.487522,34.463043
1605709693,39.29194444444445,39.0,0.0,73.0,52.0,17.369036,4.0024996,38.487522,35.745213
1605709694,39.29388888888889,39.0,0.0,74.0,54.0,17.369036,4.0024996,38.8593,33.229374
1605709695,39.295833333333334,39.0,0.0,74.0,57.0,17.369036,4.0024996,38.8593,34.200535
1605709696,39.297777777777775,39.0,0.0,74.0,60.0,17.369036,4.0024996,38.8593,37.58312
1605709697,39.29972222222222,39.0,0.0,75.0,63.0,17.369036,4.0024996,39.554497,39.216278
1605709698,39.30166666666667,39.0,0.0,75.0,63.0,17.369036,4.0024996,39.554497,39.216278
1605709699,39.30361111111111,39.0,0.0,75.0,71.0,17.369036,4.0024996,39.554497,36.98432
1605709700,39.30555555555556,39.0,0.0,75.0,71.0,17.369036,4.0024996,39.554497,36.98432
1605709701,39.3075,39.0,0.0,75.0,78.0,17.369036,4.0024996,39.554497,41.134144
1605709702,39.309444444444445,39.0,0.0,74.0,81.0,17.369036,4.0024996,38.8593,41.134144
1605709703,39.311388888888885,39.0,0.0,73.0,81.0,17.369036,4.0024996,38.487522,41.134144
1605709704,39.31333333333333,39.0,0.0,73.0,84.0,17.369036,4.0024996,38.487522,41.134144
1605709705,39.31527777777778,39.0,0.0,72.0,85.0,17.369036,4.0024996,37.319862,41.134144
1605709706,39.31722222222222,39.0,0.0,71.0,85.0,17.369036,4.0024996,36.98432,41.134144
1605709707,39.31916666666667,39.0,0.0,70.0,85.0,17.369036,4.0024996,37.636467,41.134144
1605709708,39.32111111111111,39.0,0.0,70.0,85.0,17.369036,4.0024996,37.636467,41.134144
1605709709,39.323055555555555,39.0,0.0,69.0,84.0,17.369036,4.0024996,40.711266,41.134144
1605709710,39.325,39.0,0.0,69.0,83.0,17.369036,4.0024996,40.711266,41.134144
1605709711,39.32694444444444,39.0,0.0,69.0,82.0,17.369036,4.0024996,40.711266,41.134144
1605709712,39.32888888888889,39.0,0.0,69.0,82.0,17.369036,4.0024996,40.711266,41.134144
1605709713,39.33083333333333,38.0,0.0,69.0,81.0,17.369036,4.0024996,40.711266,41.134144
1605709714,39.33277777777778,38.0,0.0,69.0,81.0,17.369036,4.0024996,40.711266,41.134144
1605709715,39.334722222222226,39.0,0.0,69.0,81.0,17.369036,4.0024996,40.711266,41.134144
1605709716,39.336666666666666,38.0,0.0,69.0,81.0,17.369036,4.0024996,40.711266,41.134144
1605709717,39.33861111111111,38.0,0.0,69.0,80.0,17.369036,4.0024996,40.711266,41.134144
1605709718,39.340555555555554,38.0,0.0,70.0,80.0,17.369036,4.0024996,37.636467,41.134144
1605709719,39.3425,38.0,0.0,70.0,80.0,17.369036,4.0024996,37.636467,41.134144
1605709720,39.34444444444444,38.0,0.0,70.0,80.0,17.369036,4.0024996,37.636467,41.134144
1605709721,39.34638888888889,38.0,0.0,71.0,79.0,17.369036,4.0024996,36.98432,41.134144
1605709722,39.348333333333336,38.0,0.0,71.0,78.0,17.369036,4.0024996,36.98432,41.134144
1605709723,39.35027777777778,38.0,0.0,71.0,77.0,17.369036,4.0024996,36.98432,41.134144
1605709724,39.352222222222224,38.0,0.0,71.0,76.0,17.369036,4.0024996,36.98432,41.134144
1605709725,39.354166666666664,38.0,0.0,72.0,74.0,17.369036,4.0024996,37.319862,38.8593
1605709726,39.35611111111111,38.0,0.0,72.0,73.0,17.369036,4.0024996,37.319862,38.487522
1605709727,39.35805555555555,38.0,0.0,73.0,71.0,17.369036,4.0024996,38.487522,36.98432
1605709728,39.36,38.0,0.0,73.0,70.0,17.369036,4.0024996,38.487522,37.636467
1605709729,39.36194444444445,38.0,0.0,74.0,68.0,17.369036,4.0024996,38.8593,41.61796
1605709730,39.36388888888889,37.0,0.0,74.0,68.0,17.369036,4.0024996,38.8593,41.61796
1605709731,39.365833333333335,37.0,0.0,74.0,66.0,17.369036,4.0024996,38.8593,41.37051
1605709732,39.367777777777775,37.0,0.0,74.0,65.0,17.369036,4.0024996,38.8593,41.064377
1605709733,39.36972222222222,37.0,0.0,75.0,65.0,17.369036,4.0024996,39.554497,41.064377
1605709734,39.37166666666667,37.0,0.0,74.0,65.0,17.369036,4.0024996,38.8593,41.064377
1605709735,39.37361111111111,37.0,0.0,74.0,64.0,17.369036,4.0024996,38.8593,40.01426
1605709736,39.37555555555556,37.0,0.0,74.0,64.0,17.369036,4.0024996,38.8593,40.01426
1605709737,39.3775,36.0,0.0,74.0,65.0,17.369036,4.0024996,38.8593,41.064377
1605709738,39.379444444444445,36.0,0.0,73.0,65.0,17.369036,4.0024996,38.487522,41.064377
1605709739,39.38138888888889,36.0,0.0,72.0,66.0,17.369036,4.0024996,37.319862,41.37051
1605709740,39.38333333333333,36.0,0.0,72.0,66.0,17.369036,4.0024996,37.319862,41.37051
1605709741,39.38527777777778,35.0,0.0,71.0,66.0,17.369036,4.0024996,36.98432,41.37051
1605709742,39.38722222222222,35.0,0.0,71.0,66.0,17.369036,4.0024996,36.98432,41.37051
1605709743,39.38916666666667,35.0,0.0,71.0,66.0,17.369036,4.0024996,36.98432,41.37051
1605709744,39.39111111111111,35.0,0.0,71.0,67.0,17.369036,4.0024996,36.98432,41.547077
1605709745,39.393055555555556,35.0,0.0,72.0,67.0,17.369036,4.0024996,37.319862,41.547077
1605709746,39.395,35.0,0.0,72.0,67.0,17.369036,4.0024996,37.319862,41.547077
1605709747,39.39694444444444,35.0,0.0,73.0,67.0,17.369036,4.0024996,38.487522,41.547077
1605709748,39.39888888888889,35.0,0.0,73.0,67.0,17.369036,4.0024996,38.487522,41.547077
1605709749,39.40083333333333,35.0,0.0,73.0,68.0,17.369036,4.0024996,38.487522,41.61796
1605709750,39.40277777777778,36.0,0.0,74.0,68.0,17.369036,4.0024996,38.8593,41.61796
1605709751,39.40472222222222,36.0,0.0,74.0,68.0,17.369036,4.0024996,38.8593,41.61796
1605709752,39.406666666666666,36.0,0.0,74.0,69.0,17.369036,4.0024996,38.8593,40.711266
1605709753,39.408611111111114,37.0,0.0,74.0,69.0,17.369036,4.0024996,38.8593,40.711266
1605709754,39.410555555555554,37.0,0.0,74.0,69.0,17.369036,4.0024996,38.8593,40.711266
1605709755,39.4125,37.0,0.0,74.0,68.0,17.369036,4.0024996,38.8593,41.61796
1605709756,39.41444444444444,37.0,0.0,73.0,68.0,17.369036,4.0024996,38.487522,41.61796
1605709757,39.41638888888889,37.0,0.0,73.0,68.0,17.369036,4.0024996,38.487522,41.61796
1605709758,39.41833333333334,37.0,0.0,72.0,67.0,17.369036,4.0024996,37.319862,41.547077
1605709759,39.42027777777778,37.0,0.0,72.0,67.0,17.369036,4.0024996,37.319862,41.547077
1605709760,39.422222222222224,37.0,0.0,71.0,66.0,17.369036,4.0024996,36.98432,41.37051
1605709761,39.424166666666665,37.0,0.0,71.0,65.0,17.369036,4.0024996,36.98432,41.064377
1605709762,39.42611111111111,37.0,0.0,71.0,65.0,17.369036,4.0024996,36.98432,41.064377
1605709763,39.42805555555555,36.0,0.0,71.0,64.0,17.369036,4.0024996,36.98432,40.01426
1605709764,39.43,36.0,0.0,70.0,64.0,17.369036,4.0024996,37.636467,40.01426
1605709765,39.43194444444445,36.0,0.0,70.0,64.0,17.369036,4.0024996,37.636467,40.01426
1605709766,39.43388888888889,35.0,0.0,70.0,64.0,17.369036,4.0024996,37.636467,40.01426
1605709767,39.435833333333335,35.0,0.0,69.0,64.0,17.369036,4.0024996,40.711266,40.01426
1605709768,39.437777777777775,35.0,0.0,69.0,64.0,17.369036,4.0024996,40.711266,40.01426
1605709769,39.43972222222222,35.0,0.0,70.0,64.0,17.369036,4.0024996,37.636467,40.01426
1605709770,39.44166666666667,35.0,0.0,70.0,65.0,17.369036,4.0024996,37.636467,41.064377
1605709771,39.44361111111111,34.0,0.0,70.0,65.0,17.369036,4.0024996,37.636467,41.064377
1605709772,39.44555555555556,34.0,0.0,70.0,65.0,17.369036,4.0024996,37.636467,41.064377
1605709773,39.4475,34.0,0.0,70.0,65.0,17.369036,4.0024996,37.636467,41.064377
1605709774,39.449444444444445,34.0,0.0,70.0,64.0,17.369036,4.0024996,37.636467,40.01426
1605709775,39.451388888888886,34.0,0.0,70.0,63.0,17.369036,4.0024996,37.636467,39.216278
1605709776,39.45333333333333,34.0,0.0,71.0,63.0,17.369036,4.0024996,36.98432,39.216278
1605709777,39.45527777777778,34.0,0.0,71.0,62.0,17.369036,4.0024996,36.98432,39.572144
1605709778,39.45722222222222,34.0,0.0,71.0,61.0,17.369036,4.0024996,36.98432,39.23413
1605709779,39.45916666666667,34.0,0.0,71.0,61.0,17.369036,4.0024996,36.98432,39.23413
1605709780,39.46111111111111,34.0,0.0,70.0,61.0,17.369036,4.0024996,37.636467,39.23413
1605709781,39.463055555555556,34.0,0.0,70.0,60.0,17.369036,4.0024996,37.636467,37.58312
1605709782,39.465,34.0,0.0,70.0,60.0,17.369036,4.0024996,37.636467,37.58312
1605709783,39.466944444444444,34.0,0.0,70.0,60.0,17.369036,4.0024996,37.636467,37.58312
1605709784,39.46888888888889,34.0,0.0,70.0,60.0,17.369036,4.0024996,37.636467,37.58312
1605709785,39.47083333333333,35.0,0.0,69.0,60.0,17.369036,4.0024996,40.711266,37.58312
1605709786,39.47277777777778,35.0,0.0,69.0,59.0,17.369036,4.0024996,40.711266,35.84081
1605709787,39.47472222222222,35.0,0.0,69.0,58.0,17.369036,4.0024996,40.711266,34.96536
1605709788,39.47666666666667,35.0,0.0,69.0,57.0,17.369036,4.0024996,40.711266,34.200535
1605709789,39.478611111111114,35.0,0.0,69.0,56.0,17.369036,4.0024996,40.711266,33.359085
1605709790,39.480555555555554,35.0,0.0,69.0,56.0,17.369036,4.0024996,40.711266,33.359085
1605709791,39.4825,35.0,0.0,69.0,54.0,17.369036,4.0024996,40.711266,33.229374
1605709792,39.48444444444444,35.0,0.0,69.0,53.0,17.369036,4.0024996,40.711266,33.373398
1605709793,39.48638888888889,35.0,0.0,70.0,52.0,17.369036,4.0024996,37.636467,35.745213
1605709794,39.48833333333333,34.0,0.0,70.0,51.0,17.369036,4.0024996,37.636467,37.43394
1605709795,39.49027777777778,34.0,0.0,71.0,50.0,17.369036,4.0024996,36.98432,36.975258
1605709796,39.492222222222225,34.0,0.0,71.0,50.0,17.369036,4.0024996,36.98432,36.975258
1605709797,39.494166666666665,34.0,0.0,72.0,50.0,17.369036,4.0024996,37.319862,36.975258
1605709798,39.49611111111111,34.0,0.0,72.0,50.0,17.369036,4.0024996,37.319862,36.975258
1605709799,39.49805555555555,34.0,0.0,73.0,50.0,17.369036,4.0024996,38.487522,36.975258
1605709800,39.5,34.0,0.0,73.0,50.0,17.369036,4.0024996,38.487522,36.975258
1605709801,39.50194444444445,34.0,0.0,73.0,51.0,17.369036,4.0024996,38.487522,37.43394
1605709802,39.50388888888889,35.0,0.0,73.0,51.0,17.369036,4.0024996,38.487522,37.43394
1605709803,39.505833333333335,35.0,0.0,73.0,51.0,17.369036,4.0024996,38.487522,37.43394
1605709804,39.507777777777775,35.0,0.0,73.0,51.0,17.369036,4.0024996,38.487522,37.43394
1605709805,39.50972222222222,36.0,0.0,73.0,51.0,17.369036,4.0024996,38.487522,37.43394
1605709806,39.51166666666667,36.0,0.0,72.0,51.0,17.369036,4.0024996,37.319862,37.43394
1605709807,39.51361111111111,36.0,0.0,72.0,51.0,17.369036,4.0024996,37.319862,37.43394
1605709808,39.51555555555556,36.0,0.0,72.0,50.0,17.369036,4.0024996,37.319862,36.975258
1605709809,39.5175,37.0,0.0,72.0,50.0,17.369036,4.0024996,37.319862,36.975258
1605709810,39.519444444444446,37.0,0.0,72.0,50.0,17.369036,4.0024996,37.319862,36.975258
1605709811,39.521388888888886,38.0,0.0,73.0,50.0,17.369036,4.0024996,38.487522,36.975258
1605709812,39.52333333333333,38.0,0.0,73.0,50.0,17.369036,4.0024996,38.487522,36.975258
1605709813,39.52527777777778,38.0,0.0,73.0,51.0,17.369036,4.0024996,38.487522,37.43394
1605709814,39.52722222222222,38.0,0.0,73.0,51.0,17.369036,4.0024996,38.487522,37.43394
1605709815,39.52916666666667,38.0,0.0,73.0,52.0,17.369036,4.0024996,38.487522,35.745213
1605709816,39.53111111111111,39.0,0.0,74.0,52.0,17.369036,4.0024996,38.8593,35.745213
1605709817,39.533055555555556,39.0,0.0,74.0,52.0,17.369036,4.0024996,38.8593,35.745213
1605709818,39.535,39.0,0.0,74.0,52.0,17.369036,4.0024996,38.8593,35.745213
1605709819,39.536944444444444,39.0,0.0,74.0,53.0,17.369036,4.0024996,38.8593,33.373398
1605709820,39.53888888888889,39.0,0.0,74.0,53.0,17.369036,4.0024996,38.8593,33.373398
1605709821,39.54083333333333,38.0,0.0,73.0,53.0,17.369036,4.0024996,38.487522,33.373398
1605709822,39.54277777777778,38.0,0.0,73.0,53.0,17.369036,4.0024996,38.487522,33.373398
1605709823,39.54472222222222,38.0,0.0,72.0,52.0,17.369036,4.0024996,37.319862,35.745213
1605709824,39.54666666666667,38.0,0.0,72.0,52.0,17.369036,4.0024996,37.319862,35.745213
1605709825,39.548611111111114,38.0,0.0,71.0,51.0,17.369036,4.0024996,36.98432,37.43394
1605709826,39.550555555555555,37.0,0.0,71.0,51.0,17.369036,4.0024996,36.98432,37.43394
1605709827,39.5525,37.0,0.0,70.0,51.0,17.369036,4.0024996,37.636467,37.43394
1605709828,39.55444444444444,37.0,0.0,70.0,50.0,17.369036,4.0024996,37.636467,36.975258
1605709829,39.55638888888889,37.0,0.0,70.0,50.0,17.369036,4.0024996,37.636467,36.975258
1605709830,39.55833333333334,37.0,0.0,70.0,50.0,17.369036,4.0024996,37.636467,36.975258
1605709831,39.56027777777778,37.0,0.0,70.0,50.0,17.369036,4.0024996,37.636467,36.975258
1605709832,39.562222222222225,37.0,0.0,70.0,51.0,17.369036,4.0024996,37.636467,37.43394
1605709833,39.564166666666665,36.0,0.0,70.0,52.0,17.369036,4.0024996,37.636467,35.745213
1605709834,39.56611111111111,36.0,0.0,70.0,52.0,17.369036,4.0024996,37.636467,35.745213
1605709835,39.56805555555555,36.0,0.0,71.0,53.0,17.369036,4.0024996,36.98432,33.373398
1605709836,39.57,37.0,0.0,71.0,53.0,17.369036,4.0024996,36.98432,33.373398
1605709837,39.57194444444445,37.0,0.0,71.0,54.0,17.369036,4.0024996,36.98432,33.229374
1605709838,39.57388888888889,37.0,0.0,71.0,55.0,17.369036,4.0024996,36.98432,33.06314
1605709839,39.575833333333335,37.0,0.0,71.0,55.0,17.369036,4.0024996,36.98432,33.06314
1605709840,39.577777777777776,37.0,0.0,70.0,55.0,17.369036,4.0024996,37.636467,33.06314
1605709841,39.57972222222222,37.0,0.0,70.0,55.0,17.369036,4.0024996,37.636467,33.06314
1605709842,39.58166666666666,37.0,0.0,70.0,56.0,17.369036,4.0024996,37.636467,33.359085
1605709843,39.58361111111111,37.0,0.0,69.0,56.0,17.369036,4.0024996,40.711266,33.359085
1605709844,39.58555555555556,37.0,0.0,68.0,56.0,17.369036,4.0024996,41.61796,33.359085
1605709845,39.5875,38.0,0.0,68.0,56.0,17.369036,4.0024996,41.61796,33.359085
1605709846,39.589444444444446,38.0,0.0,67.0,56.0,17.369036,4.0024996,41.547077,33.359085
1605709847,39.591388888888886,38.0,0.0,67.0,56.0,17.369036,4.0024996,41.547077,33.359085
1605709848,39.593333333333334,39.0,0.0,67.0,56.0,17.369036,4.0024996,41.547077,33.359085
1605709849,39.59527777777778,39.0,0.0,66.0,60.0,17.369036,4.0024996,41.37051,37.58312
1605709850,39.59722222222222,39.0,0.0,66.0,60.0,17.369036,4.0024996,41.37051,37.58312
1605709851,39.59916666666667,39.0,0.0,67.0,60.0,17.369036,4.0024996,41.547077,37.58312
1605709852,39.60111111111111,39.0,0.0,69.0,60.0,17.369036,4.0024996,40.711266,37.58312
1605709853,39.60305555555556,39.0,0.0,69.0,60.0,17.369036,4.0024996,40.711266,37.58312
1605709854,39.605,39.0,0.0,69.0,60.0,17.369036,4.0024996,40.711266,37.58312
1605709855,39.606944444444444,39.0,0.0,69.0,61.0,17.369036,4.0024996,40.711266,39.23413
1605709856,39.60888888888889,39.0,0.0,70.0,61.0,17.369036,4.0024996,37.636467,39.23413
1605709857,39.61083333333333,39.0,0.0,69.0,61.0,17.369036,4.0024996,40.711266,39.23413
1605709858,39.61277777777778,39.0,0.0,69.0,62.0,17.369036,4.0024996,40.711266,39.572144
1605709859,39.61472222222222,39.0,0.0,69.0,62.0,17.369036,4.0024996,40.711266,39.572144
1605709860,39.61666666666667,39.0,0.0,69.0,63.0,17.369036,4.0024996,40.711266,39.216278
1605709861,39.61861111111111,39.0,0.0,70.0,63.0,17.369036,4.0024996,37.636467,39.216278
1605709862,39.620555555555555,38.85,0.0,70.0,63.0,17.369036,4.0024996,37.636467,39.216278
1605709863,39.6225,38.7,0.0,70.0,63.0,17.369036,4.0024996,37.636467,39.216278
1605709864,39.62444444444444,38.55,0.0,70.0,63.0,17.369036,4.0024996,37.636467,39.216278
1605709865,39.62638888888889,38.4,0.0,70.0,63.0,17.369036,4.0024996,37.636467,39.216278
1605709866,39.62833333333333,38.25,0.0,70.0,63.0,17.369036,4.0024996,37.636467,39.216278
1605709867,39.63027777777778,38.1,0.0,70.0,63.0,17.369036,4.0024996,37.636467,39.216278
1605709868,39.632222222222225,37.95,0.0,70.0,63.0,17.369036,4.0024996,37.636467,39.216278
1605709869,39.634166666666665,37.8,0.0,70.0,63.0,17.369036,4.0024996,37.636467,39.216278
1605709870,39.63611111111111,37.65,0.0,70.0,63.0,17.369036,4.0024996,37.636467,39.216278
1605709871,39.63805555555555,37.5,0.0,70.0,63.0,17.369036,4.0024996,37.636467,39.216278
1605709872,39.64,37.35,0.0,70.0,63.0,17.369036,4.0024996,37.636467,39.216278
1605709873,39.64194444444445,37.2,0.0,70.0,63.0,17.369036,4.0024996,37.636467,39.216278
1605709874,39.64388888888889,37.05,0.0,70.0,63.0,17.369036,4.0024996,37.636467,39.216278
1605709875,39.645833333333336,36.9,0.0,70.0,63.0,17.369036,4.0024996,37.636467,39.216278
1605709876,39.647777777777776,36.75,0.0,70.0,63.0,17.369036,4.0024996,37.636467,39.216278
1605709877,39.64972222222222,36.6,0.0,70.0,63.0,17.369036,4.0024996,37.636467,39.216278
1605709878,39.651666666666664,36.45,0.0,70.0,63.0,17.369036,4.0024996,37.636467,39.216278
1605709879,39.65361111111111,36.3,0.0,70.0,63.0,17.369036,4.0024996,37.636467,39.216278
1605709880,39.65555555555556,36.15,0.0,70.0,63.0,17.369036,4.0024996,37.636467,39.216278
1605709881,39.6575,36.0,0.0,70.0,63.0,17.369036,4.0024996,37.636467,39.216278
1605709882,39.659444444444446,36.0,0.0,70.0,63.0,17.369036,4.0024996,37.636467,39.216278
1605709883,39.66138888888889,37.0,0.0,70.0,63.0,17.369036,4.0024996,37.636467,39.216278
1605709884,39.663333333333334,37.0,0.0,70.0,63.0,17.369036,4.0024996,37.636467,39.216278
1605709885,39.665277777777774,37.0,0.0,70.0,63.0,17.369036,4.0024996,37.636467,39.216278
1605709886,39.66722222222222,37.0,0.0,70.0,63.0,17.369036,4.0024996,37.636467,39.216278
1605709887,39.66916666666667,37.0,0.0,71.0,63.0,17.369036,4.0024996,36.98432,39.216278
1605709888,39.67111111111111,37.0,0.0,72.0,63.0,17.369036,4.0024996,37.319862,39.216278
1605709889,39.67305555555556,37.0,0.0,72.0,63.0,17.369036,4.0024996,37.319862,39.216278
1605709890,39.675,37.0,0.0,73.0,63.0,17.369036,4.0024996,38.487522,39.216278
1605709891,39.676944444444445,38.0,0.0,74.0,63.0,17.369036,4.0024996,38.8593,39.216278
1605709892,39.67888888888889,38.0,0.0,74.0,62.0,17.369036,4.0024996,38.8593,39.572144
1605709893,39.68083333333333,38.0,0.0,75.0,62.0,17.369036,4.0024996,39.554497,39.572144
1605709894,39.68277777777778,38.0,0.0,75.0,62.0,17.369036,4.0024996,39.554497,39.572144
1605709895,39.68472222222222,38.0,0.0,77.0,62.0,17.369036,4.0024996,41.134144,39.572144
1605709896,39.68666666666667,38.0,0.0,78.0,61.0,17.369036,4.0024996,41.134144,39.23413
1605709897,39.688611111111115,38.0,0.0,78.0,61.0,17.369036,4.0024996,41.134144,39.23413
1605709898,39.690555555555555,38.0,0.0,79.0,61.0,17.369036,4.0024996,41.134144,39.23413
1605709899,39.6925,38.0,0.0,79.0,61.0,17.369036,4.0024996,41.134144,39.23413
1605709900,39.69444444444444,38.0,0.0,79.0,61.0,17.369036,4.0024996,41.134144,39.23413
1605709901,39.69638888888889,37.0,0.0,80.0,61.0,17.369036,4.0024996,41.134144,39.23413
1605709902,39.69833333333333,37.0,0.0,80.0,61.0,17.369036,4.0024996,41.134144,39.23413
1605709903,39.70027777777778,37.0,0.0,81.0,61.0,17.369036,4.0024996,41.134144,39.23413
1605709904,39.702222222222225,37.0,0.0,81.0,62.0,17.369036,4.0024996,41.134144,39.572144
1605709905,39.704166666666666,37.0,0.0,82.0,62.0,17.369036,4.0024996,41.134144,39.572144
1605709906,39.70611111111111,38.0,0.0,82.0,62.0,17.369036,4.0024996,41.134144,39.572144
1605709907,39.70805555555555,38.0,0.0,83.0,62.0,17.369036,4.0024996,41.134144,39.572144
1605709908,39.71,38.0,0.0,83.0,63.0,17.369036,4.0024996,41.134144,39.216278
1605709909,39.71194444444444,38.0,0.0,84.0,63.0,17.369036,4.0024996,41.134144,39.216278
1605709910,39.71388888888889,38.0,0.0,84.0,62.0,17.369036,4.0024996,41.134144,39.572144
1605709911,39.715833333333336,38.0,0.0,84.0,62.0,17.369036,4.0024996,41.134144,39.572144
1605709912,39.717777777777776,38.0,0.0,85.0,63.0,17.369036,4.0024996,41.134144,39.216278
1605709913,39.719722222222224,39.0,0.0,85.0,63.0,17.369036,4.0024996,41.134144,39.216278
1605709914,39.721666666666664,39.0,0.0,85.0,63.0,17.369036,4.0024996,41.134144,39.216278
1605709915,39.72361111111111,39.0,0.0,85.0,63.0,17.369036,4.0024996,41.134144,39.216278
1605709916,39.72555555555556,39.0,0.0,84.0,63.0,17.369036,4.0024996,41.134144,39.216278
1605709917,39.7275,39.0,0.0,84.0,63.0,17.369036,4.0024996,41.134144,39.216278
1605709918,39.72944444444445,39.0,0.0,84.0,63.0,17.369036,4.0024996,41.134144,39.216278
1605709919,39.73138888888889,39.0,0.0,84.0,63.0,17.369036,4.0024996,41.134144,39.216278
1605709920,39.733333333333334,39.0,0.0,82.0,63.0,17.369036,4.0024996,41.134144,39.216278
1605709921,39.735277777777775,40.0,0.0,81.0,62.0,33.643383,4.0024996,41.134144,39.572144
1605709922,39.73722222222222,40.0,0.0,80.0,62.0,33.643383,4.0024996,41.134144,39.572144
1605709923,39.73916666666667,40.0,0.0,80.0,62.0,33.643383,4.0024996,41.134144,39.572144
1605709924,39.74111111111111,40.0,0.0,80.0,60.0,33.643383,4.0024996,41.134144,37.58312
1605709925,39.74305555555556,40.0,0.0,80.0,60.0,33.643383,4.0024996,41.134144,37.58312
1605709926,39.745,40.0,0.0,79.0,60.0,33.643383,4.0024996,41.134144,37.58312
1605709927,39.746944444444445,40.0,0.0,78.0,59.0,33.643383,4.0024996,41.134144,35.84081
1605709928,39.748888888888885,40.0,0.0,78.0,59.0,33.643383,4.0024996,41.134144,35.84081
1605709929,39.75083333333333,40.0,0.0,78.0,58.0,33.643383,4.0024996,41.134144,34.96536
1605709930,39.75277777777778,40.0,0.0,78.0,57.0,33.643383,4.0024996,41.134144,34.200535
1605709931,39.75472222222222,40.0,0.0,78.0,57.0,33.643383,4.0024996,41.134144,34.200535
1605709932,39.75666666666667,40.0,0.0,78.0,57.0,33.643383,4.0024996,41.134144,34.200535
1605709933,39.75861111111111,39.0,0.0,77.0,57.0,17.369036,4.0024996,41.134144,34.200535
1605709934,39.760555555555555,39.0,0.0,76.0,57.0,17.369036,4.0024996,41.134144,34.200535
1605709935,39.7625,39.0,0.0,76.0,58.0,17.369036,4.0024996,41.134144,34.96536
1605709936,39.76444444444444,39.0,0.0,76.0,58.0,17.369036,4.0024996,41.134144,34.96536
1605709937,39.76638888888889,39.0,0.0,75.0,58.0,17.369036,4.0024996,39.554497,34.96536
1605709938,39.76833333333333,39.0,0.0,75.0,58.0,17.369036,4.0024996,39.554497,34.96536
1605709939,39.77027777777778,39.0,0.0,75.0,59.0,17.369036,4.0024996,39.554497,35.84081
1605709940,39.772222222222226,39.0,0.0,74.0,59.0,17.369036,4.0024996,38.8593,35.84081
1605709941,39.774166666666666,39.0,0.0,73.0,59.0,17.369036,4.0024996,38.487522,35.84081
1605709942,39.77611111111111,40.0,0.0,73.0,59.0,33.643383,4.0024996,38.487522,35.84081
1605709943,39.778055555555554,40.0,0.0,72.0,59.0,33.643383,4.0024996,37.319862,35.84081
1605709944,39.78,40.0,0.0,72.0,59.0,33.643383,4.0024996,37.319862,35.84081
1605709945,39.78194444444444,41.0,0.0,72.0,60.0,33.619213,4.0024996,37.319862,37.58312
1605709946,39.78388888888889,41.0,0.0,71.0,60.0,33.619213,4.0024996,36.98432,37.58312
1605709947,39.785833333333336,42.0,0.0,71.0,60.0,31.774727,4.0024996,36.98432,37.58312
1605709948,39.78777777777778,42.0,0.0,72.0,60.0,31.774727,4.0024996,37.319862,37.58312
1605709949,39.789722222222224,42.0,0.0,72.0,61.0,31.774727,4.0024996,37.319862,39.23413
1605709950,39.791666666666664,42.0,0.0,72.0,61.0,31.774727,4.0024996,37.319862,39.23413
1605709951,39.79361111111111,42.0,0.0,73.0,61.0,31.774727,4.0024996,38.487522,39.23413
1605709952,39.79555555555555,42.0,0.0,73.0,61.0,31.774727,4.0024996,38.487522,39.23413
1605709953,39.7975,42.0,0.0,74.0,61.0,31.774727,4.0024996,38.8593,39.23413
1605709954,39.79944444444445,42.0,0.0,75.0,60.0,31.774727,4.0024996,39.554497,37.58312
1605709955,39.80138888888889,42.0,0.0,76.0,60.0,31.774727,4.0024996,41.134144,37.58312
1605709956,39.803333333333335,43.0,0.0,77.0,59.0,31.774727,4.0024996,41.134144,35.84081
1605709957,39.805277777777775,43.0,0.0,78.0,59.0,31.774727,4.0024996,41.134144,35.84081
1605709958,39.80722222222222,43.0,0.0,78.0,59.0,31.774727,4.0024996,41.134144,35.84081
1605709959,39.80916666666667,43.0,0.0,78.0,59.0,31.774727,4.0024996,41.134144,35.84081
1605709960,39.81111111111111,43.0,0.0,79.0,59.0,31.774727,4.0024996,41.134144,35.84081
1605709961,39.81305555555556,43.0,0.0,79.0,59.0,31.774727,4.0024996,41.134144,35.84081
1605709962,39.815,43.0,0.0,79.0,59.0,31.774727,4.0024996,41.134144,35.84081
1605709963,39.816944444444445,43.0,0.0,79.0,59.0,31.774727,4.0024996,41.134144,35.84081
1605709964,39.81888888888889,43.0,0.0,78.0,59.0,31.774727,4.0024996,41.134144,35.84081
1605709965,39.82083333333333,42.0,0.0,78.0,59.0,31.774727,4.0024996,41.134144,35.84081
1605709966,39.82277777777778,42.0,0.0,78.0,58.0,31.774727,4.0024996,41.134144,34.96536
1605709967,39.82472222222222,42.0,0.0,78.0,58.0,31.774727,4.0024996,41.134144,34.96536
1605709968,39.82666666666667,42.0,0.0,78.0,57.0,31.774727,4.0024996,41.134144,34.200535
1605709969,39.82861111111111,41.0,0.0,78.0,57.0,33.619213,4.0024996,41.134144,34.200535
1605709970,39.830555555555556,41.0,0.0,77.0,56.0,33.619213,4.0024996,41.134144,33.359085
1605709971,39.8325,41.0,0.0,77.0,56.0,33.619213,4.0024996,41.134144,33.359085
1605709972,39.83444444444444,41.0,0.0,77.0,55.0,33.619213,4.0024996,41.134144,33.06314
1605709973,39.83638888888889,40.0,0.0,77.0,55.0,33.643383,4.0024996,41.134144,33.06314
1605709974,39.83833333333333,40.0,0.0,76.0,55.0,33.643383,4.0024996,41.134144,33.06314
1605709975,39.84027777777778,40.0,0.0,76.0,55.0,33.643383,4.0024996,41.134144,33.06314
1605709976,39.84222222222222,41.0,0.0,76.0,55.0,33.619213,4.0024996,41.134144,33.06314
1605709977,39.844166666666666,41.0,0.0,76.0,55.0,33.619213,4.0024996,41.134144,33.06314
1605709978,39.846111111111114,41.0,0.0,75.0,55.0,33.619213,4.0024996,39.554497,33.06314
1605709979,39.848055555555554,41.0,0.0,75.0,55.0,33.619213,4.0024996,39.554497,33.06314
1605709980,39.85,41.0,0.0,74.0,55.0,33.619213,4.0024996,38.8593,33.06314
1605709981,39.85194444444444,41.0,0.0,74.0,55.0,33.619213,4.0024996,38.8593,33.06314
1605709982,39.85388888888889,42.0,0.0,74.0,55.0,31.774727,4.0024996,38.8593,33.06314
1605709983,39.85583333333334,42.0,0.0,73.0,55.0,31.774727,4.0024996,38.487522,33.06314
1605709984,39.85777777777778,42.0,0.0,73.0,55.0,31.774727,4.0024996,38.487522,33.06314
1605709985,39.859722222222224,42.0,0.0,73.0,55.0,31.774727,4.0024996,38.487522,33.06314
1605709986,39.861666666666665,42.0,0.0,72.0,55.0,31.774727,4.0024996,37.319862,33.06314
1605709987,39.86361111111111,42.0,0.0,72.0,55.0,31.774727,4.0024996,37.319862,33.06314
1605709988,39.86555555555555,42.0,0.0,71.0,56.0,31.774727,4.0024996,36.98432,33.359085
1605709989,39.8675,42.0,0.0,70.0,56.0,31.774727,4.0024996,37.636467,33.359085
1605709990,39.86944444444445,42.0,0.0,70.0,57.0,31.774727,4.0024996,37.636467,34.200535
1605709991,39.87138888888889,41.0,0.0,70.0,57.0,33.619213,4.0024996,37.636467,34.200535
1605709992,39.873333333333335,41.0,0.0,69.0,57.0,33.619213,4.0024996,40.711266,34.200535
1605709993,39.875277777777775,41.0,0.0,69.0,57.0,33.619213,4.0024996,40.711266,34.200535
1605709994,39.87722222222222,41.0,0.0,69.0,57.0,33.619213,4.0024996,40.711266,34.200535
1605709995,39.87916666666667,41.0,0.0,69.0,57.0,33.619213,4.0024996,40.711266,34.200535
1605709996,39.88111111111111,41.0,0.0,69.0,58.0,33.619213,4.0024996,40.711266,34.96536
1605709997,39.88305555555556,41.0,0.0,70.0,58.0,33.619213,4.0024996,37.636467,34.96536
1605709998,39.885,41.0,0.0,71.0,58.0,33.619213,4.0024996,36.98432,34.96536
1605709999,39.886944444444445,41.0,0.0,72.0,58.0,33.619213,4.0024996,37.319862,34.96536
1605710000,39.888888888888886,41.0,0.0,73.0,58.0,33.619213,4.0024996,38.487522,34.96536
1605710001,39.89083333333333,41.0,0.0,73.0,58.0,33.619213,4.0024996,38.487522,34.96536
1605710002,39.89277777777778,40.0,0.0,74.0,58.0,33.643383,4.0024996,38.8593,34.96536
1605710003,39.89472222222222,40.0,0.0,74.0,58.0,33.643383,4.0024996,38.8593,34.96536
1605710004,39.89666666666667,40.0,0.0,75.0,58.0,33.643383,4.0024996,39.554497,34.96536
1605710005,39.89861111111111,40.0,0.0,75.0,58.0,33.643383,4.0024996,39.554497,34.96536
1605710006,39.900555555555556,40.0,0.0,75.0,58.0,33.643383,4.0024996,39.554497,34.96536
1605710007,39.9025,40.0,0.0,75.0,58.0,33.643383,4.0024996,39.554497,34.96536
1605710008,39.904444444444444,40.0,0.0,75.0,58.0,33.643383,4.0024996,39.554497,34.96536
1605710009,39.90638888888889,40.0,0.0,75.0,58.0,33.643383,4.0024996,39.554497,34.96536
1605710010,39.90833333333333,40.0,0.0,75.0,58.0,33.643383,4.0024996,39.554497,34.96536
1605710011,39.91027777777778,41.0,0.0,76.0,59.0,33.619213,4.0024996,41.134144,35.84081
1605710012,39.91222222222222,42.0,0.0,76.0,59.0,31.774727,4.0024996,41.134144,35.84081
1605710013,39.91416666666667,42.0,0.0,76.0,59.0,31.774727,4.0024996,41.134144,35.84081
1605710014,39.916111111111114,43.0,0.0,77.0,60.0,31.774727,4.0024996,41.134144,37.58312
1605710015,39.918055555555554,43.0,0.0,78.0,60.0,31.774727,4.0024996,41.134144,37.58312
1605710016,39.92,43.0,0.0,78.0,61.0,31.774727,4.0024996,41.134144,39.23413
1605710017,39.92194444444444,44.0,0.0,79.0,62.0,31.774727,4.0024996,41.134144,39.572144
1605710018,39.92388888888889,44.0,0.0,80.0,62.0,31.774727,4.0024996,41.134144,39.572144
1605710019,39.92583333333333,44.0,0.0,80.0,63.0,31.774727,4.0024996,41.134144,39.216278
1605710020,39.92777777777778,44.0,0.0,80.0,64.0,31.774727,4.0024996,41.134144,40.01426
1605710021,39.929722222222225,43.0,0.0,80.0,64.0,31.774727,4.0024996,41.134144,40.01426
1605710022,39.931666666666665,43.0,0.0,80.0,64.0,31.774727,4.0024996,41.134144,40.01426
1605710023,39.93361111111111,43.0,0.0,80.0,64.0,31.774727,4.0024996,41.134144,40.01426
1605710024,39.93555555555555,43.0,0.0,79.0,64.0,31.774727,4.0024996,41.134144,40.01426
1605710025,39.9375,42.0,0.0,77.0,59.0,31.774727,4.0024996,41.134144,35.84081
1605710026,39.93944444444445,42.0,0.0,77.0,58.0,31.774727,4.0024996,41.134144,34.96536
1605710027,39.94138888888889,42.0,0.0,76.0,58.0,31.774727,4.0024996,41.134144,34.96536
1605710028,39.943333333333335,42.0,0.0,75.0,58.0,31.774727,4.0024996,39.554497,34.96536
1605710029,39.945277777777775,42.0,0.0,74.0,58.0,31.774727,4.0024996,38.8593,34.96536
1605710030,39.94722222222222,42.0,0.0,73.0,58.0,31.774727,4.0024996,38.487522,34.96536
1605710031,39.94916666666667,42.0,0.0,71.0,58.0,31.774727,4.0024996,36.98432,34.96536
1605710032,39.95111111111111,42.0,0.0,71.0,58.0,31.774727,4.0024996,36.98432,34.96536
1605710033,39.95305555555556,42.0,0.0,70.0,59.0,31.774727,4.0024996,37.636467,35.84081
1605710034,39.955,42.0,0.0,69.0,59.0,31.774727,4.0024996,40.711266,35.84081
1605710035,39.956944444444446,42.0,0.0,66.0,59.0,31.774727,4.0024996,41.37051,35.84081
1605710036,39.958888888888886,42.0,0.0,62.0,60.0,31.774727,4.0024996,39.572144,37.58312
1605710037,39.96083333333333,42.0,0.0,63.0,60.0,31.774727,4.0024996,39.216278,37.58312
1605710038,39.96277777777778,42.0,0.0,64.0,60.0,31.774727,4.0024996,40.01426,37.58312
1605710039,39.96472222222222,42.0,0.0,65.0,59.0,31.774727,4.0024996,41.064377,35.84081
1605710040,39.96666666666667,42.0,0.0,65.0,59.0,31.774727,4.0024996,41.064377,35.84081
1605710041,39.96861111111111,42.0,0.0,66.0,58.0,31.774727,4.0024996,41.37051,34.96536
1605710042,39.970555555555556,41.0,0.0,70.0,58.0,33.619213,4.0024996,37.636467,34.96536
1605710043,39.9725,41.0,0.0,71.0,58.0,33.619213,4.0024996,36.98432,34.96536
1605710044,39.974444444444444,41.0,0.0,71.0,58.0,33.619213,4.0024996,36.98432,34.96536
1605710045,39.97638888888889,41.0,0.0,72.0,58.0,33.619213,4.0024996,37.319862,34.96536
1605710046,39.97833333333333,41.0,0.0,73.0,58.0,33.619213,4.0024996,38.487522,34.96536
1605710047,39.98027777777778,40.0,0.0,74.0,58.0,33.643383,4.0024996,38.8593,34.96536
1605710048,39.98222222222222,40.0,0.0,74.0,58.0,33.643383,4.0024996,38.8593,34.96536
1605710049,39.98416666666667,40.0,0.0,75.0,58.0,33.643383,4.0024996,39.554497,34.96536
1605710050,39.986111111111114,40.0,0.0,76.0,59.0,33.643383,4.0024996,41.134144,35.84081
1605710051,39.988055555555555,40.0,0.0,76.0,59.0,33.643383,4.0024996,41.134144,35.84081
1605710052,39.99,40.0,0.0,76.0,59.0,33.643383,4.0024996,41.134144,35.84081
1605710053,39.99194444444444,40.0,0.0,76.0,59.0,33.643383,4.0024996,41.134144,35.84081
1605710054,39.99388888888889,40.0,0.0,77.0,59.0,33.643383,4.0024996,41.134144,35.84081
1605710055,39.99583333333334,40.0,0.0,77.0,59.0,33.643383,4.0024996,41.134144,35.84081
1605710056,39.99777777777778,40.0,0.0,77.0,60.0,33.643383,4.0024996,41.134144,37.58312
1605710057,39.999722222222225,40.0,0.0,77.0,60.0,33.643383,4.0024996,41.134144,37.58312
1605710058,40.001666666666665,40.0,0.0,76.0,60.0,33.643383,4.0024996,41.134144,37.58312
1605710059,40.00361111111111,40.0,0.0,76.0,60.0,33.643383,4.0024996,41.134144,37.58312
1605710060,40.00555555555555,40.0,0.0,75.0,61.0,33.643383,4.0024996,39.554497,39.23413
1605710061,40.0075,40.0,0.0,75.0,61.0,33.643383,4.0024996,39.554497,39.23413
1605710062,40.00944444444444,40.0,0.0,75.0,61.0,33.643383,4.0024996,39.554497,39.23413
1605710063,40.01138888888889,40.0,0.0,75.0,61.0,33.643383,4.0024996,39.554497,39.23413
1605710064,40.013333333333335,40.0,0.0,75.0,61.0,33.643383,4.0024996,39.554497,39.23413
1605710065,40.015277777777776,40.0,0.0,75.0,62.0,33.643383,4.0024996,39.554497,39.572144
1605710066,40.01722222222222,40.0,0.0,75.0,62.0,33.643383,4.0024996,39.554497,39.572144
1605710067,40.01916666666666,40.0,0.0,75.0,62.0,33.643383,4.0024996,39.554497,39.572144
1605710068,40.02111111111111,41.0,0.0,76.0,62.0,33.619213,4.0024996,41.134144,39.572144
1605710069,40.02305555555556,41.0,0.0,77.0,62.0,33.619213,4.0024996,41.134144,39.572144
1605710070,40.025,42.0,0.0,78.0,61.0,31.774727,4.0024996,41.134144,39.23413
1605710071,40.026944444444446,42.0,0.0,79.0,61.0,31.774727,4.0024996,41.134144,39.23413
1605710072,40.028888888888886,42.0,0.0,80.0,61.0,31.774727,4.0024996,41.134144,39.23413
1605710073,40.030833333333334,43.0,0.0,80.0,61.0,31.774727,4.0024996,41.134144,39.23413
1605710074,40.03277777777778,43.0,0.0,80.0,61.0,31.774727,4.0024996,41.134144,39.23413
1605710075,40.03472222222222,43.0,0.0,81.0,61.0,31.774727,4.0024996,41.134144,39.23413
1605710076,40.03666666666667,43.0,0.0,81.0,61.0,31.774727,4.0024996,41.134144,39.23413
1605710077,40.03861111111111,43.0,0.0,81.0,61.0,31.774727,4.0024996,41.134144,39.23413
1605710078,40.04055555555556,43.0,0.0,81.0,61.0,31.774727,4.0024996,41.134144,39.23413
1605710079,40.042500000000004,43.0,0.0,80.0,61.0,31.774727,4.0024996,41.134144,39.23413
1605710080,40.044444444444444,42.0,0.0,79.0,61.0,31.774727,4.0024996,41.134144,39.23413
1605710081,40.04638888888889,42.0,0.0,79.0,61.0,31.774727,4.0024996,41.134144,39.23413
1605710082,40.04833333333333,42.0,0.0,78.0,61.0,31.774727,4.0024996,41.134144,39.23413
1605710083,40.05027777777778,42.0,0.0,78.0,60.0,31.774727,4.0024996,41.134144,37.58312
1605710084,40.05222222222222,42.0,0.0,78.0,60.0,31.774727,4.0024996,41.134144,37.58312
1605710085,40.05416666666667,42.0,0.0,77.0,60.0,31.774727,4.0024996,41.134144,37.58312
1605710086,40.05611111111111,42.0,0.0,77.0,59.0,31.774727,4.0024996,41.134144,35.84081
1605710087,40.058055555555555,43.0,0.0,76.0,58.0,31.774727,4.0024996,41.134144,34.96536
1605710088,40.06,43.0,0.0,76.0,58.0,31.774727,4.0024996,41.134144,34.96536
1605710089,40.06194444444444,43.0,0.0,76.0,57.0,31.774727,4.0024996,41.134144,34.200535
1605710090,40.06388888888889,43.0,0.0,74.0,56.0,31.774727,4.0024996,38.8593,33.359085
1605710091,40.06583333333333,43.0,0.0,74.0,56.0,31.774727,4.0024996,38.8593,33.359085
1605710092,40.06777777777778,43.0,0.0,74.0,55.0,31.774727,4.0024996,38.8593,33.06314
1605710093,40.069722222222225,43.0,0.0,74.0,55.0,31.774727,4.0024996,38.8593,33.06314
1605710094,40.071666666666665,43.0,0.0,74.0,54.0,31.774727,4.0024996,38.8593,33.229374
1605710095,40.07361111111111,43.0,0.0,74.0,54.0,31.774727,4.0024996,38.8593,33.229374
1605710096,40.07555555555555,42.0,0.0,75.0,53.0,31.774727,4.0024996,39.554497,33.373398
1605710097,40.0775,42.0,0.0,76.0,53.0,31.774727,4.0024996,41.134144,33.373398
1605710098,40.07944444444445,42.0,0.0,76.0,54.0,31.774727,4.0024996,41.134144,33.229374
1605710099,40.08138888888889,42.0,0.0,76.0,54.0,31.774727,4.0024996,41.134144,33.229374
1605710100,40.083333333333336,42.0,0.0,77.0,54.0,31.774727,4.0024996,41.134144,33.229374
1605710101,40.085277777777776,42.0,0.0,77.0,55.0,31.774727,4.0024996,41.134144,33.06314
1605710102,40.08722222222222,42.0,0.0,77.0,55.0,31.774727,4.0024996,41.134144,33.06314
1605710103,40.089166666666664,42.0,0.0,77.0,55.0,31.774727,4.0024996,41.134144,33.06314
1605710104,40.09111111111111,42.0,0.0,77.0,56.0,31.774727,4.0024996,41.134144,33.359085
1605710105,40.09305555555556,42.0,0.0,77.0,56.0,31.774727,4.0024996,41.134144,33.359085
1605710106,40.095,42.0,0.0,77.0,56.0,31.774727,4.0024996,41.134144,33.359085
1605710107,40.096944444444446,42.0,0.0,77.0,56.0,31.774727,4.0024996,41.134144,33.359085
1605710108,40.09888888888889,42.0,0.0,76.0,56.0,31.774727,4.0024996,41.134144,33.359085
1605710109,40.100833333333334,42.0,0.0,75.0,56.0,31.774727,4.0024996,39.554497,33.359085
1605710110,40.102777777777774,42.0,0.0,75.0,56.0,31.774727,4.0024996,39.554497,33.359085
1605710111,40.10472222222222,42.0,0.0,75.0,55.0,31.774727,4.0024996,39.554497,33.06314
1605710112,40.10666666666667,42.0,0.0,74.0,55.0,31.774727,4.0024996,38.8593,33.06314
1605710113,40.10861111111111,41.0,0.0,74.0,55.0,33.619213,4.0024996,38.8593,33.06314
1605710114,40.11055555555556,41.0,0.0,74.0,55.0,33.619213,4.0024996,38.8593,33.06314
1605710115,40.1125,41.0,0.0,74.0,56.0,33.619213,4.0024996,38.8593,33.359085
1605710116,40.114444444444445,41.0,0.0,74.0,57.0,33.619213,4.0024996,38.8593,34.200535
1605710117,40.11638888888889,41.0,0.0,74.0,57.0,33.619213,4.0024996,38.8593,34.200535
1605710118,40.11833333333333,41.0,0.0,75.0,58.0,33.619213,4.0024996,39.554497,34.96536
1605710119,40.12027777777778,41.0,0.0,76.0,59.0,33.619213,4.0024996,41.134144,35.84081
1605710120,40.12222222222222,41.0,0.0,76.0,60.0,33.619213,4.0024996,41.134144,37.58312
1605710121,40.12416666666667,41.0,0.0,77.0,60.0,33.619213,4.0024996,41.134144,37.58312
1605710122,40.126111111111115,42.0,0.0,78.0,60.0,31.774727,4.0024996,41.134144,37.58312
1605710123,40.128055555555555,42.0,0.0,79.0,61.0,31.774727,4.0024996,41.134144,39.23413
1605710124,40.13,42.0,0.0,81.0,62.0,31.774727,4.0024996,41.134144,39.572144
1605710125,40.13194444444444,43.0,0.0,82.0,62.0,31.774727,4.0024996,41.134144,39.572144
1605710126,40.13388888888889,43.0,0.0,83.0,63.0,31.774727,4.0024996,41.134144,39.216278
1605710127,40.13583333333333,44.0,0.0,84.0,63.0,31.774727,4.0024996,41.134144,39.216278
1605710128,40.13777777777778,44.0,0.0,85.0,63.0,31.774727,4.0024996,41.134144,39.216278
1605710129,40.13972222222222,44.0,0.0,85.0,63.0,31.774727,4.0024996,41.134144,39.216278
1605710130,40.141666666666666,44.0,0.0,85.0,63.0,31.774727,4.0024996,41.134144,39.216278
1605710131,40.14361111111111,44.0,0.0,84.0,63.0,31.774727,4.0024996,41.134144,39.216278
1605710132,40.14555555555555,44.0,0.0,84.0,63.0,31.774727,4.0024996,41.134144,39.216278
1605710133,40.1475,44.0,0.0,84.0,63.0,31.774727,4.0024996,41.134144,39.216278
1605710134,40.14944444444444,43.0,0.0,83.0,63.0,31.774727,4.0024996,41.134144,39.216278
1605710135,40.15138888888889,43.0,0.0,83.0,62.0,31.774727,4.0024996,41.134144,39.572144
1605710136,40.153333333333336,42.0,0.0,81.0,61.0,31.774727,4.0024996,41.134144,39.23413
1605710137,40.155277777777776,42.0,0.0,79.0,60.0,31.774727,4.0024996,41.134144,37.58312
1605710138,40.157222222222224,42.0,0.0,78.0,59.0,31.774727,4.0024996,41.134144,35.84081
1605710139,40.159166666666664,41.0,0.0,78.0,58.0,33.619213,4.0024996,41.134144,34.96536
1605710140,40.16111111111111,41.0,0.0,78.0,57.0,33.619213,4.0024996,41.134144,34.200535
1605710141,40.16305555555556,42.0,0.0,77.0,56.0,31.774727,4.0024996,41.134144,33.359085
1605710142,40.165,42.0,0.0,76.0,55.0,31.774727,4.0024996,41.134144,33.06314
1605710143,40.16694444444445,42.0,0.0,75.0,54.0,31.774727,4.0024996,39.554497,33.229374
1605710144,40.16888888888889,42.0,0.0,75.0,54.0,31.774727,4.0024996,39.554497,33.229374
1605710145,40.170833333333334,42.0,0.0,75.0,54.0,31.774727,4.0024996,39.554497,33.229374
1605710146,40.17277777777778,42.0,0.0,74.0,54.0,31.774727,4.0024996,38.8593,33.229374
1605710147,40.17472222222222,43.0,0.0,74.0,54.0,31.774727,4.0024996,38.8593,33.229374
1605710148,40.17666666666667,43.0,0.0,74.0,54.0,31.774727,4.0024996,38.8593,33.229374
1605710149,40.17861111111111,43.0,0.0,74.0,54.0,31.774727,4.0024996,38.8593,33.229374
1605710150,40.18055555555556,43.0,0.0,73.0,54.0,31.774727,4.0024996,38.487522,33.229374
1605710151,40.1825,43.0,0.0,73.0,54.0,31.774727,4.0024996,38.487522,33.229374
1605710152,40.184444444444445,43.0,0.0,73.0,54.0,31.774727,4.0024996,38.487522,33.229374
1605710153,40.186388888888885,43.0,0.0,74.0,55.0,31.774727,4.0024996,38.8593,33.06314
1605710154,40.18833333333333,42.0,0.0,74.0,55.0,31.774727,4.0024996,38.8593,33.06314
1605710155,40.19027777777778,42.0,0.0,75.0,55.0,31.774727,4.0024996,39.554497,33.06314
1605710156,40.19222222222222,42.0,0.0,75.0,55.0,31.774727,4.0024996,39.554497,33.06314
1605710157,40.19416666666667,42.0,0.0,75.0,55.0,31.774727,4.0024996,39.554497,33.06314
1605710158,40.19611111111111,41.0,0.0,76.0,55.0,33.619213,4.0024996,41.134144,33.06314
1605710159,40.198055555555555,41.0,0.0,76.0,55.0,33.619213,4.0024996,41.134144,33.06314
1605710160,40.2,41.0,0.0,77.0,55.0,33.619213,4.0024996,41.134144,33.06314
1605710161,40.20194444444444,40.0,0.0,77.0,55.0,33.643383,4.0024996,41.134144,33.06314
1605710162,40.20388888888889,40.0,0.0,77.0,55.0,33.643383,4.0024996,41.134144,33.06314
1605710163,40.20583333333333,40.0,0.0,78.0,54.0,33.643383,4.0024996,41.134144,33.229374
1605710164,40.20777777777778,39.0,0.0,77.0,54.0,17.369036,4.0024996,41.134144,33.229374
1605710165,40.209722222222226,39.0,0.0,77.0,54.0,17.369036,4.0024996,41.134144,33.229374
1605710166,40.211666666666666,39.0,0.0,77.0,54.0,17.369036,4.0024996,41.134144,33.229374
1605710167,40.21361111111111,39.0,0.0,77.0,54.0,17.369036,4.0024996,41.134144,33.229374
1605710168,40.215555555555554,39.0,0.0,76.0,54.0,17.369036,4.0024996,41.134144,33.229374
1605710169,40.2175,38.0,0.0,76.0,55.0,17.369036,4.0024996,41.134144,33.06314
1605710170,40.21944444444444,39.0,0.0,76.0,55.0,17.369036,4.0024996,41.134144,33.06314
1605710171,40.22138888888889,39.0,0.0,76.0,55.0,17.369036,4.0024996,41.134144,33.06314
1605710172,40.223333333333336,39.0,0.0,75.0,55.0,17.369036,4.0024996,39.554497,33.06314
1605710173,40.22527777777778,39.0,0.0,74.0,55.0,17.369036,4.0024996,38.8593,33.06314
1605710174,40.227222222222224,39.0,0.0,74.0,56.0,17.369036,4.0024996,38.8593,33.359085
1605710175,40.229166666666664,39.0,0.0,75.0,56.0,17.369036,4.0024996,39.554497,33.359085
1605710176,40.23111111111111,39.0,0.0,75.0,56.0,17.369036,4.0024996,39.554497,33.359085
1605710177,40.23305555555555,40.0,0.0,76.0,56.0,33.643383,4.0024996,41.134144,33.359085
1605710178,40.235,40.0,0.0,76.0,56.0,33.643383,4.0024996,41.134144,33.359085
1605710179,40.23694444444445,40.0,0.0,77.0,56.0,33.643383,4.0024996,41.134144,33.359085
1605710180,40.23888888888889,40.0,0.0,77.0,56.0,33.643383,4.0024996,41.134144,33.359085
1605710181,40.240833333333335,40.0,0.0,78.0,56.0,33.643383,4.0024996,41.134144,33.359085
1605710182,40.242777777777775,40.0,0.0,78.0,56.0,33.643383,4.0024996,41.134144,33.359085
1605710183,40.24472222222222,40.0,0.0,78.0,56.0,33.643383,4.0024996,41.134144,33.359085
1605710184,40.24666666666667,40.0,0.0,78.0,56.0,33.643383,4.0024996,41.134144,33.359085
1605710185,40.24861111111111,40.0,0.0,78.0,56.0,33.643383,4.0024996,41.134144,33.359085
1605710186,40.25055555555556,40.0,0.0,78.0,56.0,33.643383,4.0024996,41.134144,33.359085
1605710187,40.2525,40.0,0.0,77.0,56.0,33.643383,4.0024996,41.134144,33.359085
1605710188,40.254444444444445,40.0,0.0,76.0,56.0,33.643383,4.0024996,41.134144,33.359085
1605710189,40.25638888888889,40.0,0.0,76.0,56.0,33.643383,4.0024996,41.134144,33.359085
1605710190,40.25833333333333,39.0,0.0,76.0,56.0,17.369036,4.0024996,41.134144,33.359085
1605710191,40.26027777777778,39.0,0.0,76.0,56.0,17.369036,4.0024996,41.134144,33.359085
1605710192,40.26222222222222,39.0,0.0,76.0,57.0,17.369036,4.0024996,41.134144,34.200535
1605710193,40.26416666666667,39.0,0.0,76.0,57.0,17.369036,4.0024996,41.134144,34.200535
1605710194,40.26611111111111,39.0,0.0,76.0,57.0,17.369036,4.0024996,41.134144,34.200535
1605710195,40.268055555555556,39.0,0.0,76.0,58.0,17.369036,4.0024996,41.134144,34.96536
1605710196,40.27,39.0,0.0,76.0,58.0,17.369036,4.0024996,41.134144,34.96536
1605710197,40.27194444444444,39.0,0.0,76.0,58.0,17.369036,4.0024996,41.134144,34.96536
1605710198,40.27388888888889,39.0,0.0,75.0,58.0,17.369036,4.0024996,39.554497,34.96536
1605710199,40.27583333333333,39.0,0.0,75.0,58.0,17.369036,4.0024996,39.554497,34.96536
1605710200,40.27777777777778,39.0,0.0,74.0,58.0,17.369036,4.0024996,38.8593,34.96536
1605710201,40.27972222222222,39.0,0.0,73.0,58.0,17.369036,4.0024996,38.487522,34.96536
1605710202,40.281666666666666,38.0,0.0,72.0,58.0,17.369036,4.0024996,37.319862,34.96536
1605710203,40.283611111111114,38.0,0.0,72.0,57.0,17.369036,4.0024996,37.319862,34.200535
1605710204,40.285555555555554,38.0,0.0,71.5,57.0,17.369036,4.0024996,37.394966,34.200535
1605710205,40.2875,38.0,0.0,71.0,57.0,17.369036,4.0024996,36.98432,34.200535
1605710206,40.28944444444444,38.0,0.0,71.0,57.0,17.369036,4.0024996,36.98432,34.200535
1605710207,40.29138888888889,38.0,0.0,71.0,57.0,17.369036,4.0024996,36.98432,34.200535
1605710208,40.29333333333334,38.0,0.0,70.0,57.0,17.369036,4.0024996,37.636467,34.200535
1605710209,40.29527777777778,38.0,0.0,71.0,58.0,17.369036,4.0024996,36.98432,34.96536
1605710210,40.297222222222224,38.0,0.0,71.0,58.0,17.369036,4.0024996,36.98432,34.96536
1605710211,40.299166666666665,37.0,0.0,72.0,58.0,17.369036,4.0024996,37.319862,34.96536
1605710212,40.30111111111111,37.0,0.0,74.0,59.0,17.369036,4.0024996,38.8593,35.84081
1605710213,40.30305555555556,37.0,0.0,74.0,60.0,17.369036,4.0024996,38.8593,37.58312
1605710214,40.305,38.0,0.0,75.0,60.0,17.369036,4.0024996,39.554497,37.58312
1605710215,40.30694444444445,38.0,0.0,76.0,61.0,17.369036,4.0024996,41.134144,39.23413
1605710216,40.30888888888889,38.0,0.0,77.0,61.0,17.369036,4.0024996,41.134144,39.23413
1605710217,40.310833333333335,38.0,0.0,77.0,62.0,17.369036,4.0024996,41.134144,39.572144
1605710218,40.312777777777775,39.0,0.0,78.0,62.0,17.369036,4.0024996,41.134144,39.572144
1605710219,40.31472222222222,39.0,0.0,77.0,63.0,17.369036,4.0024996,41.134144,39.216278
1605710220,40.31666666666666,39.0,0.0,77.0,63.0,17.369036,4.0024996,41.134144,39.216278
1605710221,40.31861111111111,39.0,0.0,76.0,63.0,17.369036,4.0024996,41.134144,39.216278
1605710222,40.32055555555556,39.0,0.0,75.0,63.0,17.369036,4.0024996,39.554497,39.216278
1605710223,40.3225,39.0,0.0,75.0,62.0,17.369036,4.0024996,39.554497,39.572144
1605710224,40.324444444444445,39.0,0.0,74.0,62.0,17.369036,4.0024996,38.8593,39.572144
1605710225,40.326388888888886,39.0,0.0,73.0,62.0,17.369036,4.0024996,38.487522,39.572144
1605710226,40.32833333333333,39.0,0.0,72.0,61.0,17.369036,4.0024996,37.319862,39.23413
1605710227,40.33027777777778,39.0,0.0,72.0,61.0,17.369036,4.0024996,37.319862,39.23413
1605710228,40.33222222222222,38.0,0.0,71.0,61.0,17.369036,4.0024996,36.98432,39.23413
1605710229,40.33416666666667,38.0,0.0,71.0,61.0,17.369036,4.0024996,36.98432,39.23413
1605710230,40.33611111111111,39.0,0.0,71.0,61.0,17.369036,4.0024996,36.98432,39.23413
1605710231,40.338055555555556,39.0,0.0,71.0,61.0,17.369036,4.0024996,36.98432,39.23413
1605710232,40.34,39.0,0.0,71.0,61.0,17.369036,4.0024996,36.98432,39.23413
1605710233,40.341944444444444,39.0,0.0,71.0,60.0,17.369036,4.0024996,36.98432,37.58312
1605710234,40.34388888888889,39.0,0.0,71.0,59.0,17.369036,4.0024996,36.98432,35.84081
1605710235,40.34583333333333,39.0,0.0,71.0,59.0,17.369036,4.0024996,36.98432,35.84081
1605710236,40.34777777777778,40.0,0.0,71.0,58.0,33.643383,4.0024996,36.98432,34.96536
1605710237,40.34972222222222,40.0,0.0,71.0,58.0,33.643383,4.0024996,36.98432,34.96536
1605710238,40.35166666666667,40.0,0.0,70.0,57.0,33.643383,4.0024996,37.636467,34.200535
1605710239,40.353611111111114,40.0,0.0,70.0,57.0,33.643383,4.0024996,37.636467,34.200535
1605710240,40.355555555555554,40.0,0.0,69.0,56.0,33.643383,4.0024996,40.711266,33.359085
1605710241,40.3575,39.0,0.0,68.0,56.0,17.369036,4.0024996,41.61796,33.359085
1605710242,40.35944444444444,39.0,0.0,68.0,56.0,17.369036,4.0024996,41.61796,33.359085
1605710243,40.36138888888889,39.0,0.0,67.0,57.0,17.369036,4.0024996,41.547077,34.200535
1605710244,40.36333333333333,39.0,0.0,67.0,57.0,17.369036,4.0024996,41.547077,34.200535
1605710245,40.36527777777778,39.0,0.0,66.0,58.0,17.369036,4.0024996,41.37051,34.96536
1605710246,40.367222222222225,39.0,0.0,67.0,58.0,17.369036,4.0024996,41.547077,34.96536
1605710247,40.369166666666665,38.0,0.0,66.0,58.0,17.369036,4.0024996,41.37051,34.96536
1605710248,40.37111111111111,38.0,0.0,66.0,59.0,17.369036,4.0024996,41.37051,35.84081
1605710249,40.37305555555555,38.0,0.0,66.0,59.0,17.369036,4.0024996,41.37051,35.84081
1605710250,40.375,39.0,0.0,66.0,59.0,17.369036,4.0024996,41.37051,35.84081
1605710251,40.37694444444445,39.0,0.0,66.0,59.0,17.369036,4.0024996,41.37051,35.84081
1605710252,40.37888888888889,38.0,0.0,67.0,60.0,17.369036,4.0024996,41.547077,37.58312
1605710253,40.380833333333335,39.0,0.0,67.0,60.0,17.369036,4.0024996,41.547077,37.58312
1605710254,40.382777777777775,39.0,0.0,67.0,60.0,17.369036,4.0024996,41.547077,37.58312
1605710255,40.38472222222222,39.0,0.0,67.0,60.0,17.369036,4.0024996,41.547077,37.58312
1605710256,40.38666666666667,39.0,0.0,67.0,61.0,17.369036,4.0024996,41.547077,39.23413
1605710257,40.38861111111111,39.0,0.0,68.0,61.0,17.369036,4.0024996,41.61796,39.23413
1605710258,40.39055555555556,39.0,0.0,68.0,61.0,17.369036,4.0024996,41.61796,39.23413
1605710259,40.3925,39.0,0.0,68.0,61.0,17.369036,4.0024996,41.61796,39.23413
1605710260,40.394444444444446,39.0,0.0,68.0,62.0,17.369036,4.0024996,41.61796,39.572144
1605710261,40.396388888888886,39.0,0.0,68.0,61.0,17.369036,4.0024996,41.61796,39.23413
1605710262,40.39833333333333,40.0,0.0,68.0,61.0,33.643383,4.0024996,41.61796,39.23413
1605710263,40.40027777777778,40.0,0.0,67.0,61.0,33.643383,4.0024996,41.547077,39.23413
1605710264,40.40222222222222,40.0,0.0,66.0,60.0,33.643383,4.0024996,41.37051,37.58312
1605710265,40.40416666666667,40.0,0.0,66.0,60.0,33.643383,4.0024996,41.37051,37.58312
1605710266,40.40611111111111,39.0,0.0,65.0,60.0,17.369036,4.0024996,41.064377,37.58312
1605710267,40.408055555555556,39.0,0.0,64.0,60.0,17.369036,4.0024996,40.01426,37.58312
1605710268,40.41,39.0,0.0,63.0,59.0,17.369036,4.0024996,39.216278,35.84081
1605710269,40.411944444444444,39.0,0.0,62.0,59.0,17.369036,4.0024996,39.572144,35.84081
1605710270,40.41388888888889,39.0,0.0,61.0,58.0,17.369036,4.0024996,39.23413,34.96536
1605710271,40.41583333333333,39.0,0.0,60.0,57.0,17.369036,4.0024996,37.58312,34.200535
1605710272,40.41777777777778,38.0,0.0,59.0,57.0,17.369036,4.0024996,35.84081,34.200535
1605710273,40.41972222222222,38.0,0.0,59.0,57.0,17.369036,4.0024996,35.84081,34.200535
1605710274,40.42166666666667,38.0,0.0,59.0,57.0,17.369036,4.0024996,35.84081,34.200535
1605710275,40.423611111111114,37.0,0.0,59.0,57.0,17.369036,4.0024996,35.84081,34.200535
1605710276,40.425555555555555,37.0,0.0,59.0,57.0,17.369036,4.0024996,35.84081,34.200535
1605710277,40.4275,37.0,0.0,59.0,58.0,17.369036,4.0024996,35.84081,34.96536
1605710278,40.42944444444444,37.0,0.0,60.0,58.0,17.369036,4.0024996,37.58312,34.96536
1605710279,40.43138888888889,37.0,0.0,60.0,59.0,17.369036,4.0024996,37.58312,35.84081
1605710280,40.43333333333334,37.0,0.0,61.0,59.0,17.369036,4.0024996,39.23413,35.84081
1605710281,40.43527777777778,37.0,0.0,62.0,59.0,17.369036,4.0024996,39.572144,35.84081
1605710282,40.437222222222225,37.0,0.0,62.0,60.0,17.369036,4.0024996,39.572144,37.58312
1605710283,40.439166666666665,37.0,0.0,64.0,60.0,17.369036,4.0024996,40.01426,37.58312
1605710284,40.44111111111111,38.0,0.0,65.0,59.0,17.369036,4.0024996,41.064377,35.84081
1605710285,40.44305555555555,38.0,0.0,66.0,59.0,17.369036,4.0024996,41.37051,35.84081
1605710286,40.445,38.0,0.0,67.0,59.0,17.369036,4.0024996,41.547077,35.84081
1605710287,40.44694444444444,38.0,0.0,67.0,59.0,17.369036,4.0024996,41.547077,35.84081
1605710288,40.44888888888889,38.0,0.0,67.0,58.0,17.369036,4.0024996,41.547077,34.96536
1605710289,40.450833333333335,38.0,0.0,69.0,57.0,17.369036,4.0024996,40.711266,34.200535
1605710290,40.452777777777776,38.0,0.0,69.0,57.0,17.369036,4.0024996,40.711266,34.200535
1605710291,40.45472222222222,38.0,0.0,70.0,57.0,17.369036,4.0024996,37.636467,34.200535
1605710292,40.45666666666666,38.0,0.0,70.0,57.0,17.369036,4.0024996,37.636467,34.200535
1605710293,40.45861111111111,39.0,0.0,71.0,58.0,17.369036,4.0024996,36.98432,34.96536
1605710294,40.46055555555556,39.0,0.0,70.0,58.0,17.369036,4.0024996,37.636467,34.96536
1605710295,40.4625,39.0,0.0,70.0,59.0,17.369036,4.0024996,37.636467,35.84081
1605710296,40.464444444444446,39.0,0.0,70.0,59.0,17.369036,4.0024996,37.636467,35.84081
1605710297,40.466388888888886,40.0,0.0,70.0,59.0,33.643383,4.0024996,37.636467,35.84081
1605710298,40.468333333333334,40.0,0.0,71.0,59.0,33.643383,4.0024996,36.98432,35.84081
1605710299,40.47027777777778,40.0,0.0,70.0,59.0,33.643383,4.0024996,37.636467,35.84081
1605710300,40.47222222222222,40.0,0.0,70.0,57.0,33.643383,4.0024996,37.636467,34.200535
1605710301,40.47416666666667,40.0,0.0,70.0,57.0,33.643383,4.0024996,37.636467,34.200535
1605710302,40.47611111111111,40.0,0.0,70.0,55.0,33.643383,4.0024996,37.636467,33.06314
1605710303,40.47805555555556,40.0,0.0,70.0,54.0,33.643383,4.0024996,37.636467,33.229374
1605710304,40.480000000000004,40.0,0.0,70.0,52.0,33.643383,4.0024996,37.636467,35.745213
1605710305,40.481944444444444,39.0,0.0,70.0,51.0,17.369036,4.0024996,37.636467,37.43394
1605710306,40.48388888888889,39.0,0.0,70.0,50.0,17.369036,4.0024996,37.636467,36.975258
1605710307,40.48583333333333,39.0,0.0,70.0,49.0,17.369036,4.0024996,37.636467,34.463043
1605710308,40.48777777777778,39.0,0.0,69.0,48.0,17.369036,4.0024996,40.711266,33.170334
1605710309,40.48972222222222,38.0,0.0,69.0,48.0,17.369036,4.0024996,40.711266,33.170334
1605710310,40.49166666666667,38.0,0.0,68.0,48.0,17.369036,4.0024996,41.61796,33.170334
1605710311,40.49361111111111,38.0,0.0,68.0,48.0,17.369036,4.0024996,41.61796,33.170334
1605710312,40.495555555555555,38.0,0.0,68.0,48.0,17.369036,4.0024996,41.61796,33.170334
1605710313,40.4975,38.0,0.0,68.0,49.0,17.369036,4.0024996,41.61796,34.463043
1605710314,40.49944444444444,37.0,0.0,68.0,50.0,17.369036,4.0024996,41.61796,36.975258
1605710315,40.50138888888889,37.0,0.0,68.0,50.0,17.369036,4.0024996,41.61796,36.975258
1605710316,40.50333333333333,37.0,0.0,68.0,52.0,17.369036,4.0024996,41.61796,35.745213
1605710317,40.50527777777778,36.0,0.0,68.0,52.0,17.369036,4.0024996,41.61796,35.745213
1605710318,40.507222222222225,36.0,0.0,68.0,53.0,17.369036,4.0024996,41.61796,33.373398
1605710319,40.509166666666665,36.0,0.0,68.0,53.0,17.369036,4.0024996,41.61796,33.373398
1605710320,40.51111111111111,36.0,0.0,68.0,54.0,17.369036,4.0024996,41.61796,33.229374
1605710321,40.51305555555555,36.0,0.0,68.0,54.0,17.369036,4.0024996,41.61796,33.229374
1605710322,40.515,37.0,0.0,68.0,54.0,17.369036,4.0024996,41.61796,33.229374
1605710323,40.51694444444445,37.0,0.0,67.0,54.0,17.369036,4.0024996,41.547077,33.229374
1605710324,40.51888888888889,38.0,0.0,67.0,54.0,17.369036,4.0024996,41.547077,33.229374
1605710325,40.520833333333336,38.0,0.0,66.0,53.0,17.369036,4.0024996,41.37051,33.373398
1605710326,40.522777777777776,38.0,0.0,66.0,53.0,17.369036,4.0024996,41.37051,33.373398
1605710327,40.52472222222222,38.0,0.0,66.0,53.0,17.369036,4.0024996,41.37051,33.373398
1605710328,40.526666666666664,38.0,0.0,65.0,52.0,17.369036,4.0024996,41.064377,35.745213
1605710329,40.52861111111111,38.0,0.0,65.0,52.0,17.369036,4.0024996,41.064377,35.745213
1605710330,40.53055555555556,38.0,0.0,65.0,51.0,17.369036,4.0024996,41.064377,37.43394
1605710331,40.5325,38.0,0.0,64.0,51.0,17.369036,4.0024996,40.01426,37.43394
1605710332,40.534444444444446,38.0,0.0,64.0,51.0,17.369036,4.0024996,40.01426,37.43394
1605710333,40.53638888888889,38.0,0.0,64.0,51.0,17.369036,4.0024996,40.01426,37.43394
1605710334,40.538333333333334,38.0,0.0,64.0,51.0,17.369036,4.0024996,40.01426,37.43394
1605710335,40.540277777777774,38.0,0.0,65.0,51.0,17.369036,4.0024996,41.064377,37.43394
1605710336,40.54222222222222,38.0,0.0,65.0,50.0,17.369036,4.0024996,41.064377,36.975258
1605710337,40.54416666666667,38.0,0.0,65.0,50.0,17.369036,4.0024996,41.064377,36.975258
1605710338,40.54611111111111,38.0,0.0,65.0,50.0,17.369036,4.0024996,41.064377,36.975258
1605710339,40.54805555555556,38.0,0.0,65.0,50.0,17.369036,4.0024996,41.064377,36.975258
1605710340,40.55,38.0,0.0,65.0,50.0,17.369036,4.0024996,41.064377,36.975258
1605710341,40.551944444444445,38.0,0.0,65.0,50.0,17.369036,4.0024996,41.064377,36.975258
1605710342,40.55388888888889,38.0,0.0,65.0,50.0,17.369036,4.0024996,41.064377,36.975258
1605710343,40.55583333333333,38.0,0.0,66.0,50.0,17.369036,4.0024996,41.37051,36.975258
1605710344,40.55777777777778,38.0,0.0,66.0,50.0,17.369036,4.0024996,41.37051,36.975258
1605710345,40.55972222222222,38.0,0.0,66.0,50.0,17.369036,4.0024996,41.37051,36.975258
1605710346,40.56166666666667,38.0,0.0,66.0,50.0,17.369036,4.0024996,41.37051,36.975258
1605710347,40.563611111111115,37.0,0.0,66.0,50.0,17.369036,4.0024996,41.37051,36.975258
1605710348,40.565555555555555,37.0,0.0,66.0,50.0,17.369036,4.0024996,41.37051,36.975258
1605710349,40.5675,37.0,0.0,66.0,49.0,17.369036,4.0024996,41.37051,34.463043
1605710350,40.56944444444444,37.0,0.0,66.0,49.0,17.369036,4.0024996,41.37051,34.463043
1605710351,40.57138888888889,37.0,0.0,66.0,49.0,17.369036,4.0024996,41.37051,34.463043
1605710352,40.57333333333333,37.0,0.0,65.0,48.0,17.369036,4.0024996,41.064377,33.170334
1605710353,40.57527777777778,37.0,0.0,65.0,48.0,17.369036,4.0024996,41.064377,33.170334
1605710354,40.57722222222222,37.0,0.0,65.0,48.0,17.369036,4.0024996,41.064377,33.170334
1605710355,40.579166666666666,37.0,0.0,64.0,48.0,17.369036,4.0024996,40.01426,33.170334
1605710356,40.58111111111111,37.0,0.0,64.0,48.0,17.369036,4.0024996,40.01426,33.170334
1605710357,40.58305555555555,37.0,0.0,64.0,48.0,17.369036,4.0024996,40.01426,33.170334
1605710358,40.585,37.0,0.0,64.0,48.0,17.369036,4.0024996,40.01426,33.170334
1605710359,40.58694444444444,37.0,0.0,65.0,48.0,17.369036,4.0024996,41.064377,33.170334
1605710360,40.58888888888889,37.0,0.0,65.0,48.0,17.369036,4.0024996,41.064377,33.170334
1605710361,40.590833333333336,37.0,0.0,66.0,48.0,17.369036,4.0024996,41.37051,33.170334
1605710362,40.592777777777776,37.0,0.0,67.0,49.0,17.369036,4.0024996,41.547077,34.463043
1605710363,40.594722222222224,37.0,0.0,67.0,49.0,17.369036,4.0024996,41.547077,34.463043
1605710364,40.596666666666664,38.0,0.0,68.0,49.0,17.369036,4.0024996,41.61796,34.463043
1605710365,40.59861111111111,38.0,0.0,68.0,49.0,17.369036,4.0024996,41.61796,34.463043
1605710366,40.60055555555556,39.0,0.0,69.0,49.0,17.369036,4.0024996,40.711266,34.463043
1605710367,40.6025,39.0,0.0,69.0,49.0,17.369036,4.0024996,40.711266,34.463043
1605710368,40.60444444444445,39.0,0.0,69.0,49.0,17.369036,4.0024996,40.711266,34.463043
1605710369,40.60638888888889,40.0,0.0,69.0,49.0,33.643383,4.0024996,40.711266,34.463043
1605710370,40.608333333333334,40.0,0.0,69.0,49.0,33.643383,4.0024996,40.711266,34.463043
1605710371,40.61027777777778,40.0,0.0,69.0,49.0,33.643383,4.0024996,40.711266,34.463043
1605710372,40.61222222222222,40.0,0.0,69.0,49.0,33.643383,4.0024996,40.711266,34.463043
1605710373,40.61416666666667,40.0,0.0,70.0,50.0,33.643383,4.0024996,37.636467,36.975258
1605710374,40.61611111111111,40.0,0.0,70.0,50.0,33.643383,4.0024996,37.636467,36.975258
1605710375,40.61805555555556,39.0,0.0,71.0,51.0,17.369036,4.0024996,36.98432,37.43394
1605710376,40.62,39.0,0.0,71.0,52.0,17.369036,4.0024996,36.98432,35.745213
1605710377,40.621944444444445,38.0,0.0,73.0,52.0,17.369036,4.0024996,38.487522,35.745213
1605710378,40.623888888888885,37.0,0.0,74.0,53.0,17.369036,4.0024996,38.8593,33.373398
1605710379,40.62583333333333,37.0,0.0,74.0,53.0,17.369036,4.0024996,38.8593,33.373398
1605710380,40.62777777777778,36.0,0.0,75.0,53.0,17.369036,4.0024996,39.554497,33.373398
1605710381,40.62972222222222,36.0,0.0,75.0,53.0,17.369036,4.0024996,39.554497,33.373398
1605710382,40.63166666666667,36.0,0.0,75.0,54.0,17.369036,4.0024996,39.554497,33.229374
1605710383,40.63361111111111,35.0,0.0,75.0,53.0,17.369036,4.0024996,39.554497,33.373398
1605710384,40.635555555555555,35.0,0.0,74.0,53.0,17.369036,4.0024996,38.8593,33.373398
1605710385,40.6375,36.0,0.0,73.0,53.0,17.369036,4.0024996,38.487522,33.373398
1605710386,40.63944444444444,36.0,0.0,72.0,52.0,17.369036,4.0024996,37.319862,35.745213
1605710387,40.64138888888889,36.0,0.0,70.0,51.0,17.369036,4.0024996,37.636467,37.43394
1605710388,40.64333333333333,36.0,0.0,69.0,51.0,17.369036,4.0024996,40.711266,37.43394
1605710389,40.64527777777778,37.0,0.0,69.0,50.0,17.369036,4.0024996,40.711266,36.975258
1605710390,40.647222222222226,37.0,0.0,68.0,50.0,17.369036,4.0024996,41.61796,36.975258
1605710391,40.649166666666666,37.0,0.0,67.0,49.0,17.369036,4.0024996,41.547077,34.463043
1605710392,40.65111111111111,38.0,0.0,67.0,49.0,17.369036,4.0024996,41.547077,34.463043
1605710393,40.653055555555554,38.0,0.0,67.0,48.0,17.369036,4.0024996,41.547077,33.170334
1605710394,40.655,38.0,0.0,68.0,48.0,17.369036,4.0024996,41.61796,33.170334
1605710395,40.65694444444444,38.0,0.0,68.0,48.0,17.369036,4.0024996,41.61796,33.170334
1605710396,40.65888888888889,38.0,0.0,69.0,47.0,17.369036,4.0024996,40.711266,31.879604
1605710397,40.660833333333336,38.0,0.0,69.0,47.0,17.369036,4.0024996,40.711266,31.879604
1605710398,40.66277777777778,39.0,0.0,70.0,47.0,17.369036,4.0024996,37.636467,31.879604
1605710399,40.664722222222224,39.0,0.0,70.0,47.0,17.369036,4.0024996,37.636467,31.879604
1605710400,40.666666666666664,38.0,0.0,70.0,47.0,17.369036,4.0024996,37.636467,31.879604
1605710401,40.66861111111111,38.0,0.0,70.0,47.0,17.369036,4.0024996,37.636467,31.879604
1605710402,40.67055555555555,38.0,0.0,69.0,47.0,17.369036,4.0024996,40.711266,31.879604
1605710403,40.6725,38.0,0.0,69.0,47.0,17.369036,4.0024996,40.711266,31.879604
1605710404,40.67444444444445,38.0,0.0,69.0,47.0,17.369036,4.0024996,40.711266,31.879604
1605710405,40.67638888888889,38.0,0.0,68.0,47.0,17.369036,4.0024996,41.61796,31.879604
1605710406,40.678333333333335,38.0,0.0,68.0,47.0,17.369036,4.0024996,41.61796,31.879604
1605710407,40.680277777777775,38.0,0.0,68.0,47.0,17.369036,4.0024996,41.61796,31.879604
1605710408,40.68222222222222,38.0,0.0,68.0,47.0,17.369036,4.0024996,41.61796,31.879604
1605710409,40.68416666666667,38.0,0.0,68.0,48.0,17.369036,4.0024996,41.61796,33.170334
1605710410,40.68611111111111,38.0,0.0,69.0,48.0,17.369036,4.0024996,40.711266,33.170334
1605710411,40.68805555555556,39.0,0.0,69.0,48.0,17.369036,4.0024996,40.711266,33.170334
1605710412,40.69,39.0,0.0,69.0,49.0,17.369036,4.0024996,40.711266,34.463043
1605710413,40.691944444444445,40.0,0.0,69.0,49.0,33.643383,4.0024996,40.711266,34.463043
1605710414,40.69388888888889,40.0,0.0,66.0,49.0,33.643383,4.0024996,41.37051,34.463043
1605710415,40.69583333333333,40.0,0.0,66.0,50.0,33.643383,4.0024996,41.37051,36.975258
1605710416,40.69777777777778,40.0,0.0,66.0,50.0,33.643383,4.0024996,41.37051,36.975258
1605710417,40.69972222222222,40.0,0.0,66.0,50.0,33.643383,4.0024996,41.37051,36.975258
1605710418,40.70166666666667,40.0,0.0,66.0,51.0,33.643383,4.0024996,41.37051,37.43394
1605710419,40.70361111111111,39.94444444444444,0.0,66.0,51.0,33.643383,4.0024996,41.37051,37.43394
1605710420,40.705555555555556,39.888888888888886,0.0,66.0,51.0,33.643383,4.0024996,41.37051,37.43394
1605710421,40.7075,39.833333333333336,0.0,66.0,51.0,33.643383,4.0024996,41.37051,37.43394
1605710422,40.70944444444444,39.77777777777778,0.0,66.0,51.0,33.643383,4.0024996,41.37051,37.43394
1605710423,40.71138888888889,39.72222222222222,0.0,66.0,51.0,17.369036,4.0024996,41.37051,37.43394
1605710424,40.71333333333333,39.66666666666666,0.0,66.0,51.0,17.369036,4.0024996,41.37051,37.43394
1605710425,40.71527777777778,39.61111111111112,0.0,66.0,51.0,17.369036,4.0024996,41.37051,37.43394
1605710426,40.71722222222222,39.55555555555556,0.0,66.0,51.0,17.369036,4.0024996,41.37051,37.43394
1605710427,40.719166666666666,39.5,0.0,66.0,51.0,17.369036,4.0024996,41.37051,37.43394
1605710428,40.721111111111114,39.44444444444444,0.0,66.0,51.0,17.369036,4.0024996,41.37051,37.43394
1605710429,40.723055555555554,39.388888888888886,0.0,66.0,51.0,17.369036,4.0024996,41.37051,37.43394
1605710430,40.725,39.333333333333336,0.0,66.0,51.0,17.369036,4.0024996,41.37051,37.43394
1605710431,40.72694444444444,39.27777777777778,0.0,66.0,51.0,17.369036,4.0024996,41.37051,37.43394
1605710432,40.72888888888889,39.22222222222222,0.0,66.0,51.0,17.369036,4.0024996,41.37051,37.43394
1605710433,40.73083333333334,39.16666666666666,0.0,66.0,51.0,17.369036,4.0024996,41.37051,37.43394
1605710434,40.73277777777778,39.11111111111112,0.0,66.0,51.0,17.369036,4.0024996,41.37051,37.43394
1605710435,40.734722222222224,39.05555555555556,0.0,66.0,51.0,17.369036,4.0024996,41.37051,37.43394
1605710436,40.736666666666665,39.0,0.0,66.0,51.0,17.369036,4.0024996,41.37051,37.43394
1605710437,40.73861111111111,39.0,0.0,66.0,51.0,17.369036,4.0024996,41.37051,37.43394
1605710438,40.74055555555556,39.0,0.0,65.0,51.0,17.369036,4.0024996,41.064377,37.43394
1605710439,40.7425,39.0,0.0,65.0,51.0,17.369036,4.0024996,41.064377,37.43394
1605710440,40.74444444444445,39.0,0.0,65.0,51.0,17.369036,4.0024996,41.064377,37.43394
1605710441,40.74638888888889,39.0,0.0,65.0,51.0,17.369036,4.0024996,41.064377,37.43394
1605710442,40.748333333333335,39.0,0.0,64.0,51.0,17.369036,4.0024996,40.01426,37.43394
1605710443,40.750277777777775,39.0,0.0,64.0,50.0,17.369036,4.0024996,40.01426,36.975258
1605710444,40.75222222222222,39.0,0.0,64.0,50.0,17.369036,4.0024996,40.01426,36.975258
1605710445,40.75416666666666,39.0,0.0,64.0,49.0,17.369036,4.0024996,40.01426,34.463043
1605710446,40.75611111111111,39.0,0.0,64.0,49.0,17.369036,4.0024996,40.01426,34.463043
1605710447,40.75805555555556,39.0,0.0,64.0,48.0,17.369036,4.0024996,40.01426,33.170334
1605710448,40.76,39.0,0.0,64.0,48.0,17.369036,4.0024996,40.01426,33.170334
1605710449,40.761944444444445,39.0,0.0,64.0,47.0,17.369036,4.0024996,40.01426,31.879604
1605710450,40.763888888888886,39.0,0.0,64.0,47.0,17.369036,4.0024996,40.01426,31.879604
1605710451,40.76583333333333,39.0,0.0,65.0,47.0,17.369036,4.0024996,41.064377,31.879604
1605710452,40.76777777777778,39.0,0.0,66.0,47.0,17.369036,4.0024996,41.37051,31.879604
1605710453,40.76972222222222,39.0,0.0,66.0,47.0,17.369036,4.0024996,41.37051,31.879604
1605710454,40.77166666666667,40.0,0.0,66.0,47.0,33.643383,4.0024996,41.37051,31.879604
1605710455,40.77361111111111,40.0,0.0,67.0,47.0,33.643383,4.0024996,41.547077,31.879604
1605710456,40.775555555555556,40.0,0.0,69.0,47.0,33.643383,4.0024996,40.711266,31.879604
1605710457,40.7775,40.0,0.0,69.0,47.0,33.643383,4.0024996,40.711266,31.879604
1605710458,40.779444444444444,41.0,0.0,70.0,48.0,33.619213,4.0024996,37.636467,33.170334
1605710459,40.78138888888889,41.0,0.0,71.0,48.0,33.619213,4.0024996,36.98432,33.170334
1605710460,40.78333333333333,41.0,0.0,71.0,48.0,33.619213,4.0024996,36.98432,33.170334
1605710461,40.78527777777778,41.0,0.0,72.0,48.0,33.619213,4.0024996,37.319862,33.170334
1605710462,40.78722222222222,41.0,0.0,73.0,49.0,33.619213,4.0024996,38.487522,34.463043
1605710463,40.78916666666667,41.0,0.0,73.0,49.0,33.619213,4.0024996,38.487522,34.463043
1605710464,40.791111111111114,41.0,0.0,73.0,49.0,33.619213,4.0024996,38.487522,34.463043
1605710465,40.793055555555554,41.0,0.0,73.0,49.0,33.619213,4.0024996,38.487522,34.463043
1605710466,40.795,41.0,0.0,73.0,49.0,33.619213,4.0024996,38.487522,34.463043
1605710467,40.79694444444444,41.0,0.0,73.0,50.0,33.619213,4.0024996,38.487522,36.975258
1605710468,40.79888888888889,41.0,0.0,73.0,50.0,33.619213,4.0024996,38.487522,36.975258
1605710469,40.80083333333333,41.0,0.0,72.0,50.0,33.619213,4.0024996,37.319862,36.975258
1605710470,40.80277777777778,41.0,0.0,72.0,50.0,33.619213,4.0024996,37.319862,36.975258
1605710471,40.804722222222225,41.0,0.0,72.0,50.0,33.619213,4.0024996,37.319862,36.975258
1605710472,40.806666666666665,41.0,0.0,71.0,50.0,33.619213,4.0024996,36.98432,36.975258
1605710473,40.80861111111111,41.0,0.0,71.0,50.0,33.619213,4.0024996,36.98432,36.975258
1605710474,40.81055555555555,41.0,0.0,71.0,50.0,33.619213,4.0024996,36.98432,36.975258
1605710475,40.8125,40.0,0.0,71.0,50.0,33.643383,4.0024996,36.98432,36.975258
1605710476,40.81444444444445,40.0,0.0,71.0,50.0,33.643383,4.0024996,36.98432,36.975258
1605710477,40.81638888888889,40.0,0.0,71.0,50.0,33.643383,4.0024996,36.98432,36.975258
1605710478,40.818333333333335,40.0,0.0,70.0,50.0,33.643383,4.0024996,37.636467,36.975258
1605710479,40.820277777777775,40.0,0.0,70.0,50.0,33.643383,4.0024996,37.636467,36.975258
1605710480,40.82222222222222,40.0,0.0,70.0,50.0,33.643383,4.0024996,37.636467,36.975258
1605710481,40.82416666666667,40.0,0.0,70.0,50.0,33.643383,4.0024996,37.636467,36.975258
1605710482,40.82611111111111,40.0,0.0,69.0,51.0,33.643383,4.0024996,40.711266,37.43394
1605710483,40.82805555555556,40.0,0.0,68.0,51.0,33.643383,4.0024996,41.61796,37.43394
1605710484,40.83,40.0,0.0,67.0,51.0,33.643383,4.0024996,41.547077,37.43394
1605710485,40.831944444444446,40.0,0.0,67.0,51.0,33.643383,4.0024996,41.547077,37.43394
1605710486,40.833888888888886,40.0,0.0,66.0,51.0,33.643383,4.0024996,41.37051,37.43394
1605710487,40.83583333333333,41.0,0.0,66.0,51.0,33.619213,4.0024996,41.37051,37.43394
1605710488,40.83777777777778,41.0,0.0,66.0,51.0,33.619213,4.0024996,41.37051,37.43394
1605710489,40.83972222222222,41.0,0.0,66.0,51.0,33.619213,4.0024996,41.37051,37.43394
1605710490,40.84166666666667,41.0,0.0,66.0,51.0,33.619213,4.0024996,41.37051,37.43394
1605710491,40.84361111111111,41.0,0.0,66.0,51.0,33.619213,4.0024996,41.37051,37.43394
1605710492,40.845555555555556,41.0,0.0,66.0,52.0,33.619213,4.0024996,41.37051,35.745213
1605710493,40.8475,41.0,0.0,67.0,52.0,33.619213,4.0024996,41.547077,35.745213
1605710494,40.849444444444444,41.0,0.0,67.0,52.0,33.619213,4.0024996,41.547077,35.745213
1605710495,40.85138888888889,40.0,0.0,69.0,53.0,33.643383,4.0024996,40.711266,33.373398
1605710496,40.85333333333333,40.0,0.0,69.0,54.0,33.643383,4.0024996,40.711266,33.229374
1605710497,40.85527777777778,39.0,0.0,70.0,55.0,17.369036,4.0024996,37.636467,33.06314
1605710498,40.85722222222222,39.0,0.0,71.0,56.0,17.369036,4.0024996,36.98432,33.359085
1605710499,40.85916666666667,39.0,0.0,71.0,57.0,17.369036,4.0024996,36.98432,34.200535
1605710500,40.861111111111114,38.0,0.0,72.0,57.0,17.369036,4.0024996,37.319862,34.200535
1605710501,40.863055555555555,37.0,0.0,73.0,57.0,17.369036,4.0024996,38.487522,34.200535
1605710502,40.865,37.0,0.0,74.0,57.0,17.369036,4.0024996,38.8593,34.200535
1605710503,40.86694444444444,37.0,0.0,74.0,57.0,17.369036,4.0024996,38.8593,34.200535
1605710504,40.86888888888889,36.0,0.0,74.0,57.0,17.369036,4.0024996,38.8593,34.200535
1605710505,40.87083333333334,36.0,0.0,74.0,56.0,17.369036,4.0024996,38.8593,33.359085
1605710506,40.87277777777778,36.0,0.0,74.0,56.0,17.369036,4.0024996,38.8593,33.359085
1605710507,40.874722222222225,36.0,0.0,73.0,55.0,17.369036,4.0024996,38.487522,33.06314
1605710508,40.876666666666665,36.0,0.0,73.0,55.0,17.369036,4.0024996,38.487522,33.06314
1605710509,40.87861111111111,37.0,0.0,72.0,54.0,17.369036,4.0024996,37.319862,33.229374
1605710510,40.88055555555555,37.0,0.0,72.0,54.0,17.369036,4.0024996,37.319862,33.229374
1605710511,40.8825,37.0,0.0,72.0,54.0,17.369036,4.0024996,37.319862,33.229374
1605710512,40.88444444444444,37.0,0.0,71.0,54.0,17.369036,4.0024996,36.98432,33.229374
1605710513,40.88638888888889,37.0,0.0,71.0,53.0,17.369036,4.0024996,36.98432,33.373398
1605710514,40.888333333333335,38.0,0.0,71.0,53.0,17.369036,4.0024996,36.98432,33.373398
1605710515,40.890277777777776,38.0,0.0,70.0,52.0,17.369036,4.0024996,37.636467,35.745213
1605710516,40.89222222222222,38.0,0.0,70.0,51.0,17.369036,4.0024996,37.636467,37.43394
1605710517,40.89416666666666,38.0,0.0,70.0,50.0,17.369036,4.0024996,37.636467,36.975258
1605710518,40.89611111111111,38.0,0.0,70.0,50.0,17.369036,4.0024996,37.636467,36.975258
1605710519,40.89805555555556,38.0,0.0,70.0,49.0,17.369036,4.0024996,37.636467,34.463043
1605710520,40.9,38.0,0.0,70.0,48.0,17.369036,4.0024996,37.636467,33.170334
1605710521,40.901944444444446,39.0,0.0,70.0,47.0,17.369036,4.0024996,37.636467,31.879604
1605710522,40.903888888888886,39.0,0.0,70.0,47.0,17.369036,4.0024996,37.636467,31.879604
1605710523,40.905833333333334,39.0,0.0,71.0,47.0,17.369036,4.0024996,36.98432,31.879604
1605710524,40.90777777777778,39.0,0.0,71.0,47.0,17.369036,4.0024996,36.98432,31.879604
1605710525,40.90972222222222,39.0,0.0,71.0,47.0,17.369036,4.0024996,36.98432,31.879604
1605710526,40.91166666666667,38.0,0.0,71.0,47.0,17.369036,4.0024996,36.98432,31.879604
1605710527,40.91361111111111,38.0,0.0,71.0,47.0,17.369036,4.0024996,36.98432,31.879604
1605710528,40.91555555555556,38.0,0.0,71.0,47.0,17.369036,4.0024996,36.98432,31.879604
1605710529,40.917500000000004,38.0,0.0,71.0,47.0,17.369036,4.0024996,36.98432,31.879604
1605710530,40.919444444444444,38.0,0.0,71.0,47.0,17.369036,4.0024996,36.98432,31.879604
1605710531,40.92138888888889,38.0,0.0,71.0,47.0,17.369036,4.0024996,36.98432,31.879604
1605710532,40.92333333333333,38.0,0.0,71.0,47.0,17.369036,4.0024996,36.98432,31.879604
1605710533,40.92527777777778,38.0,0.0,70.0,47.0,17.369036,4.0024996,37.636467,31.879604
1605710534,40.92722222222222,38.0,0.0,70.0,47.0,17.369036,4.0024996,37.636467,31.879604
1605710535,40.92916666666667,38.0,0.0,70.0,47.0,17.369036,4.0024996,37.636467,31.879604
1605710536,40.93111111111111,38.0,0.0,70.0,47.0,17.369036,4.0024996,37.636467,31.879604
1605710537,40.933055555555555,39.0,0.0,70.0,47.0,17.369036,4.0024996,37.636467,31.879604
1605710538,40.935,39.0,0.0,70.0,47.0,17.369036,4.0024996,37.636467,31.879604
1605710539,40.93694444444444,39.0,0.0,70.0,47.0,17.369036,4.0024996,37.636467,31.879604
1605710540,40.93888888888889,39.0,0.0,70.0,47.0,17.369036,4.0024996,37.636467,31.879604
1605710541,40.94083333333333,39.0,0.0,70.0,47.0,17.369036,4.0024996,37.636467,31.879604
1605710542,40.94277777777778,39.0,0.0,70.0,48.0,17.369036,4.0024996,37.636467,33.170334
1605710543,40.944722222222225,38.0,0.0,70.0,48.0,17.369036,4.0024996,37.636467,33.170334
1605710544,40.946666666666665,38.0,0.0,71.0,48.0,17.369036,4.0024996,36.98432,33.170334
1605710545,40.94861111111111,38.0,0.0,71.0,48.0,17.369036,4.0024996,36.98432,33.170334
1605710546,40.95055555555555,38.0,0.0,71.0,48.0,17.369036,4.0024996,36.98432,33.170334
1605710547,40.9525,38.0,0.0,72.0,48.0,17.369036,4.0024996,37.319862,33.170334
1605710548,40.95444444444445,38.0,0.0,72.0,48.0,17.369036,4.0024996,37.319862,33.170334
1605710549,40.95638888888889,38.0,0.0,71.0,48.0,17.369036,4.0024996,36.98432,33.170334
1605710550,40.958333333333336,38.0,0.0,71.0,49.0,17.369036,4.0024996,36.98432,34.463043
1605710551,40.960277777777776,38.0,0.0,72.0,49.0,17.369036,4.0024996,37.319862,34.463043
1605710552,40.96222222222222,38.0,0.0,72.0,49.0,17.369036,4.0024996,37.319862,34.463043
1605710553,40.964166666666664,38.0,0.0,72.0,49.0,17.369036,4.0024996,37.319862,34.463043
1605710554,40.96611111111111,38.0,0.0,72.0,49.0,17.369036,4.0024996,37.319862,34.463043
1605710555,40.96805555555556,38.0,0.0,72.0,50.0,17.369036,4.0024996,37.319862,36.975258
1605710556,40.97,38.0,0.0,73.0,51.0,17.369036,4.0024996,38.487522,37.43394
1605710557,40.971944444444446,38.0,0.0,73.0,51.0,17.369036,4.0024996,38.487522,37.43394
1605710558,40.97388888888889,38.0,0.0,73.0,51.0,17.369036,4.0024996,38.487522,37.43394
1605710559,40.975833333333334,38.0,0.0,73.0,51.0,17.369036,4.0024996,38.487522,37.43394
1605710560,40.977777777777774,38.0,0.0,73.0,53.0,17.369036,4.0024996,38.487522,33.373398
1605710561,40.97972222222222,38.0,0.0,74.0,54.0,17.369036,4.0024996,38.8593,33.229374
1605710562,40.98166666666667,38.0,0.0,74.0,55.0,17.369036,4.0024996,38.8593,33.06314
1605710563,40.98361111111111,38.0,0.0,75.0,57.0,17.369036,4.0024996,39.554497,34.200535
1605710564,40.98555555555556,38.0,0.0,75.0,58.0,17.369036,4.0024996,39.554497,34.96536
1605710565,40.9875,38.0,0.0,75.0,60.0,17.369036,4.0024996,39.554497,37.58312
1605710566,40.989444444444445,38.0,0.0,75.0,63.0,17.369036,4.0024996,39.554497,39.216278
1605710567,40.99138888888889,38.0,0.0,75.0,66.0,17.369036,4.0024996,39.554497,41.37051
1605710568,40.99333333333333,38.0,0.0,75.0,69.0,17.369036,4.0024996,39.554497,40.711266
1605710569,40.99527777777778,38.0,0.0,75.0,72.0,17.369036,4.0024996,39.554497,37.319862
1605710570,40.99722222222222,38.0,0.0,75.0,74.0,17.369036,4.0024996,39.554497,38.8593
1605710571,40.99916666666667,38.0,0.0,75.0,76.0,17.369036,4.0024996,39.554497,41.134144
1605710572,41.001111111111115,38.0,0.0,75.0,78.0,17.369036,4.0024996,39.554497,41.134144
1605710573,41.003055555555555,38.0,0.0,75.0,79.0,17.369036,4.0024996,39.554497,41.134144
1605710574,41.005,38.0,0.0,74.0,80.0,17.369036,4.0024996,38.8593,41.134144
1605710575,41.00694444444444,38.0,0.0,74.0,81.0,17.369036,4.0024996,38.8593,41.134144
1605710576,41.00888888888889,38.0,0.0,73.0,81.0,17.369036,4.0024996,38.487522,41.134144
1605710577,41.01083333333333,38.0,0.0,73.0,82.0,17.369036,4.0024996,38.487522,41.134144
1605710578,41.01277777777778,37.0,0.0,73.0,81.0,17.369036,4.0024996,38.487522,41.134144
1605710579,41.01472222222222,37.0,0.0,72.0,80.0,17.369036,4.0024996,37.319862,41.134144
1605710580,41.016666666666666,37.0,0.0,72.0,80.0,17.369036,4.0024996,37.319862,41.134144
1605710581,41.01861111111111,37.0,0.0,71.0,79.0,17.369036,4.0024996,36.98432,41.134144
1605710582,41.02055555555555,37.0,0.0,71.0,78.0,17.369036,4.0024996,36.98432,41.134144
1605710583,41.0225,37.0,0.0,70.0,78.0,17.369036,4.0024996,37.636467,41.134144
1605710584,41.02444444444444,37.0,0.0,70.0,77.0,17.369036,4.0024996,37.636467,41.134144
1605710585,41.02638888888889,37.0,0.0,70.0,76.0,17.369036,4.0024996,37.636467,41.134144
1605710586,41.028333333333336,37.0,0.0,71.0,75.0,17.369036,4.0024996,36.98432,39.554497
1605710587,41.030277777777776,37.0,0.0,71.0,74.0,17.369036,4.0024996,36.98432,38.8593
1605710588,41.032222222222224,38.0,0.0,71.0,74.0,17.369036,4.0024996,36.98432,38.8593
1605710589,41.034166666666664,38.0,0.0,71.0,73.0,17.369036,4.0024996,36.98432,38.487522
1605710590,41.03611111111111,38.0,0.0,71.0,73.0,17.369036,4.0024996,36.98432,38.487522
1605710591,41.03805555555556,38.0,0.0,71.0,72.0,17.369036,4.0024996,36.98432,37.319862
1605710592,41.04,38.0,0.0,71.0,72.0,17.369036,4.0024996,36.98432,37.319862
1605710593,41.04194444444445,38.0,0.0,67.0,72.0,17.369036,4.0024996,41.547077,37.319862
1605710594,41.04388888888889,38.0,0.0,67.0,71.0,17.369036,4.0024996,41.547077,36.98432
1605710595,41.045833333333334,38.0,0.0,67.0,71.0,17.369036,4.0024996,41.547077,36.98432
1605710596,41.04777777777778,38.0,0.0,67.0,71.0,17.369036,4.0024996,41.547077,36.98432
1605710597,41.04972222222222,37.0,0.0,68.0,70.0,17.369036,4.0024996,41.61796,37.636467
1605710598,41.05166666666667,38.0,0.0,69.0,70.0,17.369036,4.0024996,40.711266,37.636467
1605710599,41.05361111111111,38.0,0.0,70.0,69.0,17.369036,4.0024996,37.636467,40.711266
1605710600,41.05555555555556,38.0,0.0,70.0,69.0,17.369036,4.0024996,37.636467,40.711266
1605710601,41.0575,38.0,0.0,71.0,68.0,17.369036,4.0024996,36.98432,41.61796
1605710602,41.059444444444445,38.0,0.0,72.0,68.0,17.369036,4.0024996,37.319862,41.61796
1605710603,41.061388888888885,39.0,0.0,72.0,67.0,17.369036,4.0024996,37.319862,41.547077
1605710604,41.06333333333333,39.0,0.0,73.0,67.0,17.369036,4.0024996,38.487522,41.547077
1605710605,41.06527777777778,39.0,0.0,73.0,66.0,17.369036,4.0024996,38.487522,41.37051
1605710606,41.06722222222222,39.0,0.0,74.0,66.0,17.369036,4.0024996,38.8593,41.37051
1605710607,41.06916666666667,39.0,0.0,73.0,66.0,17.369036,4.0024996,38.487522,41.37051
1605710608,41.07111111111111,39.0,0.0,73.0,66.0,17.369036,4.0024996,38.487522,41.37051
1605710609,41.073055555555555,39.0,0.0,73.0,66.0,17.369036,4.0024996,38.487522,41.37051
1605710610,41.075,39.0,0.0,73.0,66.0,17.369036,4.0024996,38.487522,41.37051
1605710611,41.07694444444444,39.0,0.0,73.0,66.0,17.369036,4.0024996,38.487522,41.37051
1605710612,41.07888888888889,39.0,0.0,72.0,66.0,17.369036,4.0024996,37.319862,41.37051
1605710613,41.08083333333333,39.0,0.0,72.0,66.0,17.369036,4.0024996,37.319862,41.37051
1605710614,41.08277777777778,39.0,0.0,72.0,66.0,17.369036,4.0024996,37.319862,41.37051
1605710615,41.084722222222226,39.0,0.0,71.0,66.0,17.369036,4.0024996,36.98432,41.37051
1605710616,41.086666666666666,39.0,0.0,70.0,66.0,17.369036,4.0024996,37.636467,41.37051
1605710617,41.08861111111111,40.0,0.0,70.0,66.0,33.643383,4.0024996,37.636467,41.37051
1605710618,41.090555555555554,40.0,0.0,70.0,66.0,33.643383,4.0024996,37.636467,41.37051
1605710619,41.0925,40.0,0.0,70.0,65.0,33.643383,4.0024996,37.636467,41.064377
1605710620,41.09444444444444,40.0,0.0,70.0,65.0,33.643383,4.0024996,37.636467,41.064377
1605710621,41.09638888888889,40.0,0.0,70.0,65.0,33.643383,4.0024996,37.636467,41.064377
1605710622,41.098333333333336,40.0,0.0,70.0,66.0,33.643383,4.0024996,37.636467,41.37051
1605710623,41.10027777777778,40.0,0.0,70.0,66.0,33.643383,4.0024996,37.636467,41.37051
1605710624,41.102222222222224,40.0,0.0,71.0,66.0,33.643383,4.0024996,36.98432,41.37051
1605710625,41.104166666666664,40.0,0.0,72.0,68.0,33.643383,4.0024996,37.319862,41.61796
1605710626,41.10611111111111,40.0,0.0,72.0,68.0,33.643383,4.0024996,37.319862,41.61796
1605710627,41.10805555555555,40.0,0.0,73.0,69.0,33.643383,4.0024996,38.487522,40.711266
1605710628,41.11,40.0,0.0,73.0,69.0,33.643383,4.0024996,38.487522,40.711266
1605710629,41.11194444444445,40.0,0.0,73.0,69.0,33.643383,4.0024996,38.487522,40.711266
1605710630,41.11388888888889,40.0,0.0,74.0,70.0,33.643383,4.0024996,38.8593,37.636467
1605710631,41.115833333333335,40.0,0.0,75.0,69.0,33.643383,4.0024996,39.554497,40.711266
1605710632,41.117777777777775,40.0,0.0,75.0,69.0,33.643383,4.0024996,39.554497,40.711266
1605710633,41.11972222222222,40.0,0.0,75.0,69.0,33.643383,4.0024996,39.554497,40.711266
1605710634,41.12166666666667,40.0,0.0,75.0,68.0,33.643383,4.0024996,39.554497,41.61796
1605710635,41.12361111111111,40.0,0.0,75.0,67.0,33.643383,4.0024996,39.554497,41.547077
1605710636,41.12555555555556,40.0,0.0,75.0,66.0,33.643383,4.0024996,39.554497,41.37051
1605710637,41.1275,40.0,0.0,75.0,65.0,33.643383,4.0024996,39.554497,41.064377
1605710638,41.129444444444445,40.0,0.0,75.0,64.0,33.643383,4.0024996,39.554497,40.01426
1605710639,41.13138888888889,39.0,0.0,74.0,63.0,17.369036,4.0024996,38.8593,39.216278
1605710640,41.13333333333333,39.0,0.0,73.0,62.0,17.369036,4.0024996,38.487522,39.572144
1605710641,41.13527777777778,39.0,0.0,73.0,62.0,17.369036,4.0024996,38.487522,39.572144
1605710642,41.13722222222222,38.0,0.0,72.0,61.0,17.369036,4.0024996,37.319862,39.23413
1605710643,41.13916666666667,38.0,0.0,72.0,60.0,17.369036,4.0024996,37.319862,37.58312
1605710644,41.14111111111111,38.0,0.0,72.0,60.0,17.369036,4.0024996,37.319862,37.58312
1605710645,41.143055555555556,38.0,0.0,72.0,58.0,17.369036,4.0024996,37.319862,34.96536
1605710646,41.145,38.0,0.0,72.0,58.0,17.369036,4.0024996,37.319862,34.96536
1605710647,41.14694444444444,38.0,0.0,72.0,58.0,17.369036,4.0024996,37.319862,34.96536
1605710648,41.14888888888889,38.0,0.0,73.0,57.0,17.369036,4.0024996,38.487522,34.200535
1605710649,41.15083333333333,38.0,0.0,73.0,58.0,17.369036,4.0024996,38.487522,34.96536
1605710650,41.15277777777778,38.0,0.0,74.0,58.0,17.369036,4.0024996,38.8593,34.96536
1605710651,41.15472222222222,38.0,0.0,75.0,59.0,17.369036,4.0024996,39.554497,35.84081
1605710652,41.156666666666666,38.0,0.0,75.0,60.0,17.369036,4.0024996,39.554497,37.58312
1605710653,41.158611111111114,39.0,0.0,76.0,61.0,17.369036,4.0024996,41.134144,39.23413
1605710654,41.160555555555554,38.0,0.0,76.0,62.0,17.369036,4.0024996,41.134144,39.572144
1605710655,41.1625,38.0,0.0,77.0,63.0,17.369036,4.0024996,41.134144,39.216278
1605710656,41.16444444444444,38.0,0.0,77.0,63.0,17.369036,4.0024996,41.134144,39.216278
1605710657,41.16638888888889,38.0,0.0,77.0,64.0,17.369036,4.0024996,41.134144,40.01426
1605710658,41.16833333333334,38.0,0.0,77.0,65.0,17.369036,4.0024996,41.134144,41.064377
1605710659,41.17027777777778,38.0,0.0,77.0,65.0,17.369036,4.0024996,41.134144,41.064377
1605710660,41.172222222222224,38.0,0.0,76.0,66.0,17.369036,4.0024996,41.134144,41.37051
1605710661,41.174166666666665,37.0,0.0,76.0,66.0,17.369036,4.0024996,41.134144,41.37051
1605710662,41.17611111111111,37.0,0.0,76.0,66.0,17.369036,4.0024996,41.134144,41.37051
1605710663,41.17805555555556,37.0,0.0,76.0,67.0,17.369036,4.0024996,41.134144,41.547077
1605710664,41.18,37.0,0.0,75.0,67.0,17.369036,4.0024996,39.554497,41.547077
1605710665,41.18194444444445,37.0,0.0,75.0,71.0,17.369036,4.0024996,39.554497,36.98432
1605710666,41.18388888888889,37.0,0.0,75.0,72.0,17.369036,4.0024996,39.554497,37.319862
1605710667,41.185833333333335,37.0,0.0,75.0,72.0,17.369036,4.0024996,39.554497,37.319862
1605710668,41.187777777777775,37.0,0.0,75.0,73.0,17.369036,4.0024996,39.554497,38.487522
1605710669,41.18972222222222,37.0,0.0,75.0,72.0,17.369036,4.0024996,39.554497,37.319862
1605710670,41.19166666666666,37.0,0.0,75.0,72.0,17.369036,4.0024996,39.554497,37.319862
1605710671,41.19361111111111,37.0,0.0,75.0,72.0,17.369036,4.0024996,39.554497,37.319862
1605710672,41.19555555555556,37.0,0.0,75.0,71.0,17.369036,4.0024996,39.554497,36.98432
1605710673,41.1975,37.0,0.0,76.0,71.0,17.369036,4.0024996,41.134144,36.98432
1605710674,41.199444444444445,37.0,0.0,76.0,71.0,17.369036,4.0024996,41.134144,36.98432
1605710675,41.201388888888886,37.0,0.0,76.0,71.0,17.369036,4.0024996,41.134144,36.98432
1605710676,41.20333333333333,38.0,0.0,76.0,69.0,17.369036,4.0024996,41.134144,40.711266
1605710677,41.20527777777778,38.0,0.0,76.0,68.0,17.369036,4.0024996,41.134144,41.61796
1605710678,41.20722222222222,38.0,0.0,76.0,67.0,17.369036,4.0024996,41.134144,41.547077
1605710679,41.20916666666667,38.0,0.0,77.0,66.0,17.369036,4.0024996,41.134144,41.37051
1605710680,41.21111111111111,38.0,0.0,76.0,66.0,17.369036,4.0024996,41.134144,41.37051
1605710681,41.213055555555556,38.0,0.0,76.0,65.0,17.369036,4.0024996,41.134144,41.064377
1605710682,41.215,37.0,0.0,76.0,65.0,17.369036,4.0024996,41.134144,41.064377
1605710683,41.216944444444444,37.0,0.0,76.0,64.0,17.369036,4.0024996,41.134144,40.01426
1605710684,41.21888888888889,37.0,0.0,75.0,63.0,17.369036,4.0024996,39.554497,39.216278
1605710685,41.22083333333333,37.0,0.0,75.0,63.0,17.369036,4.0024996,39.554497,39.216278
1605710686,41.22277777777778,37.0,0.0,74.0,63.0,17.369036,4.0024996,38.8593,39.216278
1605710687,41.224722222222226,36.0,0.0,73.0,63.0,17.369036,4.0024996,38.487522,39.216278
1605710688,41.22666666666667,36.0,0.0,72.0,63.0,17.369036,4.0024996,37.319862,39.216278
1605710689,41.228611111111114,36.0,0.0,72.0,63.0,17.369036,4.0024996,37.319862,39.216278
1605710690,41.230555555555554,36.0,0.0,71.0,63.0,17.369036,4.0024996,36.98432,39.216278
1605710691,41.2325,36.0,0.0,70.0,63.0,17.369036,4.0024996,37.636467,39.216278
1605710692,41.23444444444444,35.0,0.0,70.0,63.0,17.369036,4.0024996,37.636467,39.216278
1605710693,41.23638888888889,35.0,0.0,70.0,63.0,17.369036,4.0024996,37.636467,39.216278
1605710694,41.23833333333333,35.0,0.0,69.0,63.0,17.369036,4.0024996,40.711266,39.216278
1605710695,41.24027777777778,35.0,0.0,69.0,63.0,17.369036,4.0024996,40.711266,39.216278
1605710696,41.242222222222225,34.0,0.0,69.0,62.0,17.369036,4.0024996,40.711266,39.572144
1605710697,41.244166666666665,34.0,0.0,69.0,61.0,17.369036,4.0024996,40.711266,39.23413
1605710698,41.24611111111111,34.0,0.0,69.0,61.0,17.369036,4.0024996,40.711266,39.23413
1605710699,41.24805555555555,33.0,0.0,69.0,59.0,14.906895,4.0024996,40.711266,35.84081
1605710700,41.25,33.0,0.0,69.0,59.0,14.906895,4.0024996,40.711266,35.84081
1605710701,41.25194444444445,33.0,0.0,70.0,58.0,14.906895,4.0024996,37.636467,34.96536
1605710702,41.25388888888889,33.0,0.0,70.0,57.0,14.906895,4.0024996,37.636467,34.200535
1605710703,41.255833333333335,33.0,0.0,70.0,56.0,14.906895,4.0024996,37.636467,33.359085
1605710704,41.257777777777775,33.0,0.0,70.0,55.0,14.906895,4.0024996,37.636467,33.06314
1605710705,41.25972222222222,33.0,0.0,70.0,55.0,14.906895,4.0024996,37.636467,33.06314
1605710706,41.26166666666667,33.0,0.0,70.0,55.0,14.906895,4.0024996,37.636467,33.06314
1605710707,41.26361111111111,33.0,0.0,69.0,55.0,14.906895,4.0024996,40.711266,33.06314
1605710708,41.26555555555556,33.0,0.0,69.0,55.0,14.906895,4.0024996,40.711266,33.06314
1605710709,41.2675,33.0,0.0,69.0,56.0,14.906895,4.0024996,40.711266,33.359085
1605710710,41.269444444444446,33.0,0.0,69.0,56.0,14.906895,4.0024996,40.711266,33.359085
1605710711,41.271388888888886,33.0,0.0,69.0,56.0,14.906895,4.0024996,40.711266,33.359085
1605710712,41.27333333333333,33.0,0.0,69.0,57.0,14.906895,4.0024996,40.711266,34.200535
1605710713,41.27527777777778,32.0,0.0,69.0,57.0,15.112859,4.0024996,40.711266,34.200535
1605710714,41.27722222222222,32.0,0.0,69.0,58.0,15.112859,4.0024996,40.711266,34.96536
1605710715,41.27916666666667,33.0,0.0,69.0,58.0,14.906895,4.0024996,40.711266,34.96536
1605710716,41.28111111111111,33.0,0.0,69.0,58.0,14.906895,4.0024996,40.711266,34.96536
1605710717,41.283055555555556,33.0,0.0,68.0,58.0,14.906895,4.0024996,41.61796,34.96536
1605710718,41.285,33.0,0.0,68.0,58.0,14.906895,4.0024996,41.61796,34.96536
1605710719,41.286944444444444,34.0,0.0,68.0,57.0,17.369036,4.0024996,41.61796,34.200535
1605710720,41.28888888888889,34.0,0.0,68.0,57.0,17.369036,4.0024996,41.61796,34.200535
1605710721,41.29083333333333,34.0,0.0,69.0,57.0,17.369036,4.0024996,40.711266,34.200535
1605710722,41.29277777777778,34.0,0.0,69.0,56.0,17.369036,4.0024996,40.711266,33.359085
1605710723,41.29472222222222,35.0,0.0,69.0,55.0,17.369036,4.0024996,40.711266,33.06314
1605710724,41.29666666666667,36.0,0.0,69.0,55.0,17.369036,4.0024996,40.711266,33.06314
1605710725,41.298611111111114,36.0,0.0,70.0,54.0,17.369036,4.0024996,37.636467,33.229374
1605710726,41.300555555555555,37.0,0.0,71.0,53.0,17.369036,4.0024996,36.98432,33.373398
1605710727,41.3025,37.0,0.0,72.0,52.0,17.369036,4.0024996,37.319862,35.745213
1605710728,41.30444444444444,37.0,0.0,73.0,52.0,17.369036,4.0024996,38.487522,35.745213
1605710729,41.30638888888889,37.0,0.0,73.0,51.0,17.369036,4.0024996,38.487522,37.43394
1605710730,41.30833333333334,38.0,0.0,74.0,51.0,17.369036,4.0024996,38.8593,37.43394
1605710731,41.31027777777778,38.0,0.0,75.0,51.0,17.369036,4.0024996,39.554497,37.43394
1605710732,41.312222222222225,38.0,0.0,75.0,51.0,17.369036,4.0024996,39.554497,37.43394
1605710733,41.314166666666665,38.0,0.0,76.0,51.0,17.369036,4.0024996,41.134144,37.43394
1605710734,41.31611111111111,38.0,0.0,76.0,51.0,17.369036,4.0024996,41.134144,37.43394
1605710735,41.31805555555555,38.0,0.0,76.0,51.0,17.369036,4.0024996,41.134144,37.43394
1605710736,41.32,38.0,0.0,76.0,51.0,17.369036,4.0024996,41.134144,37.43394
1605710737,41.32194444444444,38.0,0.0,76.0,51.0,17.369036,4.0024996,41.134144,37.43394
1605710738,41.32388888888889,38.0,0.0,76.0,52.0,17.369036,4.0024996,41.134144,35.745213
1605710739,41.325833333333335,37.0,0.0,75.0,52.0,17.369036,4.0024996,39.554497,35.745213
1605710740,41.327777777777776,37.0,0.0,76.0,52.0,17.369036,4.0024996,41.134144,35.745213
1605710741,41.32972222222222,37.0,0.0,75.0,52.0,17.369036,4.0024996,39.554497,35.745213
1605710742,41.33166666666666,37.0,0.0,75.0,52.0,17.369036,4.0024996,39.554497,35.745213
1605710743,41.33361111111111,36.0,0.0,75.0,53.0,17.369036,4.0024996,39.554497,33.373398
1605710744,41.33555555555556,36.0,0.0,75.0,53.0,17.369036,4.0024996,39.554497,33.373398
1605710745,41.3375,36.0,0.0,75.0,53.0,17.369036,4.0024996,39.554497,33.373398
1605710746,41.339444444444446,36.0,0.0,75.0,53.0,17.369036,4.0024996,39.554497,33.373398
1605710747,41.341388888888886,36.0,0.0,75.0,53.0,17.369036,4.0024996,39.554497,33.373398
1605710748,41.343333333333334,36.0,0.0,75.0,53.0,17.369036,4.0024996,39.554497,33.373398
1605710749,41.34527777777778,36.0,0.0,75.0,53.0,17.369036,4.0024996,39.554497,33.373398
1605710750,41.34722222222222,36.0,0.0,75.0,52.0,17.369036,4.0024996,39.554497,35.745213
1605710751,41.34916666666667,36.0,0.0,74.0,52.0,17.369036,4.0024996,38.8593,35.745213
1605710752,41.35111111111111,36.0,0.0,74.0,52.0,17.369036,4.0024996,38.8593,35.745213
1605710753,41.35305555555556,36.0,0.0,73.0,51.0,17.369036,4.0024996,38.487522,37.43394
1605710754,41.355000000000004,36.0,0.0,74.0,51.0,17.369036,4.0024996,38.8593,37.43394
1605710755,41.356944444444444,37.0,0.0,74.0,51.0,17.369036,4.0024996,38.8593,37.43394
1605710756,41.35888888888889,37.0,0.0,74.0,50.0,17.369036,4.0024996,38.8593,36.975258
1605710757,41.36083333333333,37.0,0.0,74.0,50.0,17.369036,4.0024996,38.8593,36.975258
1605710758,41.36277777777778,37.0,0.0,74.0,50.0,17.369036,4.0024996,38.8593,36.975258
1605710759,41.36472222222222,37.0,0.0,74.0,50.0,17.369036,4.0024996,38.8593,36.975258
1605710760,41.36666666666667,36.0,0.0,74.0,50.0,17.369036,4.0024996,38.8593,36.975258
1605710761,41.36861111111111,36.0,0.0,74.0,51.0,17.369036,4.0024996,38.8593,37.43394
1605710762,41.370555555555555,36.0,0.0,73.0,51.0,17.369036,4.0024996,38.487522,37.43394
1605710763,41.3725,36.0,0.0,73.0,51.0,17.369036,4.0024996,38.487522,37.43394
1605710764,41.37444444444444,35.0,0.0,73.0,51.0,17.369036,4.0024996,38.487522,37.43394
1605710765,41.37638888888889,35.0,0.0,71.0,53.0,17.369036,4.0024996,36.98432,33.373398
1605710766,41.37833333333333,35.0,0.0,71.0,53.0,17.369036,4.0024996,36.98432,33.373398
1605710767,41.38027777777778,35.0,0.0,71.0,54.0,17.369036,4.0024996,36.98432,33.229374
1605710768,41.382222222222225,34.0,0.0,70.0,55.0,17.369036,4.0024996,37.636467,33.06314
1605710769,41.384166666666665,34.0,0.0,70.0,55.0,17.369036,4.0024996,37.636467,33.06314
1605710770,41.38611111111111,34.0,0.0,69.0,56.0,17.369036,4.0024996,40.711266,33.359085
1605710771,41.38805555555555,34.0,0.0,69.0,57.0,17.369036,4.0024996,40.711266,34.200535
1605710772,41.39,34.0,0.0,69.0,57.0,17.369036,4.0024996,40.711266,34.200535
1605710773,41.39194444444445,34.0,0.0,69.0,57.0,17.369036,4.0024996,40.711266,34.200535
1605710774,41.39388888888889,34.0,0.0,70.0,58.0,17.369036,4.0024996,37.636467,34.96536
1605710775,41.395833333333336,35.0,0.0,70.0,58.0,17.369036,4.0024996,37.636467,34.96536
1605710776,41.397777777777776,35.0,0.0,71.0,58.0,17.369036,4.0024996,36.98432,34.96536
1605710777,41.39972222222222,35.0,0.0,72.0,58.0,17.369036,4.0024996,37.319862,34.96536
1605710778,41.401666666666664,35.0,0.0,72.0,58.0,17.369036,4.0024996,37.319862,34.96536
1605710779,41.40361111111111,35.0,0.0,73.0,57.0,17.369036,4.0024996,38.487522,34.200535
1605710780,41.40555555555556,35.0,0.0,73.0,57.0,17.369036,4.0024996,38.487522,34.200535
1605710781,41.4075,35.0,0.0,75.0,57.0,17.369036,4.0024996,39.554497,34.200535
1605710782,41.409444444444446,35.0,0.0,75.0,57.0,17.369036,4.0024996,39.554497,34.200535
1605710783,41.41138888888889,35.0,0.0,76.0,57.0,17.369036,4.0024996,41.134144,34.200535
1605710784,41.413333333333334,35.0,0.0,76.0,57.0,17.369036,4.0024996,41.134144,34.200535
1605710785,41.415277777777774,35.0,0.0,77.0,57.0,17.369036,4.0024996,41.134144,34.200535
1605710786,41.41722222222222,35.0,0.0,77.0,57.0,17.369036,4.0024996,41.134144,34.200535
1605710787,41.41916666666667,35.0,0.0,76.0,57.0,17.369036,4.0024996,41.134144,34.200535
1605710788,41.42111111111111,36.0,0.0,76.0,57.0,17.369036,4.0024996,41.134144,34.200535
1605710789,41.42305555555556,36.0,0.0,75.0,57.0,17.369036,4.0024996,39.554497,34.200535
1605710790,41.425,36.0,0.0,75.0,57.0,17.369036,4.0024996,39.554497,34.200535
1605710791,41.426944444444445,36.0,0.0,74.0,57.0,17.369036,4.0024996,38.8593,34.200535
1605710792,41.42888888888889,37.0,0.0,74.0,57.0,17.369036,4.0024996,38.8593,34.200535
1605710793,41.43083333333333,37.0,0.0,74.0,57.0,17.369036,4.0024996,38.8593,34.200535
1605710794,41.43277777777778,37.0,0.0,74.0,57.0,17.369036,4.0024996,38.8593,34.200535
1605710795,41.43472222222222,37.0,0.0,73.0,56.0,17.369036,4.0024996,38.487522,33.359085
1605710796,41.43666666666667,37.0,0.0,73.0,56.0,17.369036,4.0024996,38.487522,33.359085
1605710797,41.438611111111115,38.0,0.0,74.0,56.0,17.369036,4.0024996,38.8593,33.359085
1605710798,41.440555555555555,38.0,0.0,74.0,56.0,17.369036,4.0024996,38.8593,33.359085
1605710799,41.4425,38.0,0.0,74.0,56.0,17.369036,4.0024996,38.8593,33.359085
1605710800,41.44444444444444,38.0,0.0,73.0,56.0,17.369036,4.0024996,38.487522,33.359085
1605710801,41.44638888888889,38.0,0.0,73.0,55.0,17.369036,4.0024996,38.487522,33.06314
1605710802,41.44833333333333,39.0,0.0,73.0,56.0,17.369036,4.0024996,38.487522,33.359085
1605710803,41.45027777777778,39.0,0.0,73.0,56.0,17.369036,4.0024996,38.487522,33.359085
1605710804,41.45222222222222,39.0,0.0,72.0,56.0,17.369036,4.0024996,37.319862,33.359085
1605710805,41.454166666666666,39.0,0.0,72.0,56.0,17.369036,4.0024996,37.319862,33.359085
1605710806,41.45611111111111,40.0,0.0,71.0,56.0,33.643383,4.0024996,36.98432,33.359085
1605710807,41.45805555555555,40.0,0.0,71.0,57.0,33.643383,4.0024996,36.98432,34.200535
1605710808,41.46,40.0,0.0,71.0,57.0,33.643383,4.0024996,36.98432,34.200535
1605710809,41.46194444444444,41.0,0.0,71.0,58.0,33.619213,4.0024996,36.98432,34.96536
1605710810,41.46388888888889,41.0,0.0,70.0,58.0,33.619213,4.0024996,37.636467,34.96536
1605710811,41.465833333333336,41.0,0.0,70.0,58.0,33.619213,4.0024996,37.636467,34.96536
1605710812,41.467777777777776,41.0,0.0,70.0,58.0,33.619213,4.0024996,37.636467,34.96536
1605710813,41.469722222222224,41.0,0.0,69.0,58.0,33.619213,4.0024996,40.711266,34.96536
1605710814,41.471666666666664,41.0,0.0,69.0,59.0,33.619213,4.0024996,40.711266,35.84081
1605710815,41.47361111111111,41.0,0.0,68.0,59.0,33.619213,4.0024996,41.61796,35.84081
1605710816,41.47555555555556,41.0,0.0,67.0,59.0,33.619213,4.0024996,41.547077,35.84081
1605710817,41.4775,40.0,0.0,67.0,59.0,33.643383,4.0024996,41.547077,35.84081
1605710818,41.47944444444445,40.0,0.0,67.0,60.0,33.643383,4.0024996,41.547077,37.58312
1605710819,41.48138888888889,40.0,0.0,67.0,60.0,33.643383,4.0024996,41.547077,37.58312
1605710820,41.483333333333334,40.0,0.0,67.0,60.0,33.643383,4.0024996,41.547077,37.58312
1605710821,41.48527777777778,40.0,0.0,68.0,60.0,33.643383,4.0024996,41.61796,37.58312
1605710822,41.48722222222222,39.0,0.0,68.0,61.0,17.369036,4.0024996,41.61796,39.23413
1605710823,41.48916666666667,39.0,0.0,68.0,61.0,17.369036,4.0024996,41.61796,39.23413
1605710824,41.49111111111111,39.0,0.0,69.0,60.0,17.369036,4.0024996,40.711266,37.58312
1605710825,41.49305555555556,39.0,0.0,70.0,60.0,17.369036,4.0024996,37.636467,37.58312
1605710826,41.495,39.0,0.0,70.0,59.0,17.369036,4.0024996,37.636467,35.84081
1605710827,41.496944444444445,39.0,0.0,71.0,58.0,17.369036,4.0024996,36.98432,34.96536
1605710828,41.498888888888885,39.0,0.0,72.0,58.0,17.369036,4.0024996,37.319862,34.96536
1605710829,41.50083333333333,39.0,0.0,72.0,58.0,17.369036,4.0024996,37.319862,34.96536
1605710830,41.50277777777778,39.0,0.0,73.0,58.0,17.369036,4.0024996,38.487522,34.96536
1605710831,41.50472222222222,39.0,0.0,73.0,58.0,17.369036,4.0024996,38.487522,34.96536
1605710832,41.50666666666667,39.0,0.0,74.0,58.0,17.369036,4.0024996,38.8593,34.96536
1605710833,41.50861111111111,39.0,0.0,74.0,57.0,17.369036,4.0024996,38.8593,34.200535
1605710834,41.510555555555555,39.0,0.0,75.0,57.0,17.369036,4.0024996,39.554497,34.200535
1605710835,41.5125,40.0,0.0,75.0,58.0,33.643383,4.0024996,39.554497,34.96536
1605710836,41.51444444444444,40.0,0.0,75.0,58.0,33.643383,4.0024996,39.554497,34.96536
1605710837,41.51638888888889,40.0,0.0,75.0,58.0,33.643383,4.0024996,39.554497,34.96536
1605710838,41.51833333333333,40.0,0.0,75.0,59.0,33.643383,4.0024996,39.554497,35.84081
1605710839,41.52027777777778,40.0,0.0,75.0,59.0,33.643383,4.0024996,39.554497,35.84081
1605710840,41.522222222222226,39.0,0.0,75.0,59.0,17.369036,4.0024996,39.554497,35.84081
1605710841,41.524166666666666,39.0,0.0,75.0,59.0,17.369036,4.0024996,39.554497,35.84081
1605710842,41.52611111111111,39.0,0.0,75.0,59.0,17.369036,4.0024996,39.554497,35.84081
1605710843,41.528055555555554,39.0,0.0,75.0,59.0,17.369036,4.0024996,39.554497,35.84081
1605710844,41.53,39.0,0.0,75.0,60.0,17.369036,4.0024996,39.554497,37.58312
1605710845,41.53194444444444,39.0,0.0,74.0,60.0,17.369036,4.0024996,38.8593,37.58312
1605710846,41.53388888888889,38.0,0.0,74.0,60.0,17.369036,4.0024996,38.8593,37.58312
1605710847,41.535833333333336,38.0,0.0,74.0,60.0,17.369036,4.0024996,38.8593,37.58312
1605710848,41.53777777777778,38.0,0.0,75.0,60.0,17.369036,4.0024996,39.554497,37.58312
1605710849,41.539722222222224,37.0,0.0,75.0,59.0,17.369036,4.0024996,39.554497,35.84081
1605710850,41.541666666666664,37.0,0.0,75.0,59.0,17.369036,4.0024996,39.554497,35.84081
1605710851,41.54361111111111,37.0,0.0,75.0,59.0,17.369036,4.0024996,39.554497,35.84081
1605710852,41.54555555555555,37.0,0.0,75.0,59.0,17.369036,4.0024996,39.554497,35.84081
1605710853,41.5475,37.0,0.0,74.0,58.0,17.369036,4.0024996,38.8593,34.96536
1605710854,41.54944444444445,37.0,0.0,74.0,58.0,17.369036,4.0024996,38.8593,34.96536
1605710855,41.55138888888889,37.0,0.0,74.0,58.0,17.369036,4.0024996,38.8593,34.96536
1605710856,41.553333333333335,36.0,0.0,73.0,58.0,17.369036,4.0024996,38.487522,34.96536
1605710857,41.555277777777775,36.0,0.0,72.0,58.0,17.369036,4.0024996,37.319862,34.96536
1605710858,41.55722222222222,36.0,0.0,72.0,58.0,17.369036,4.0024996,37.319862,34.96536
1605710859,41.55916666666667,36.0,0.0,72.0,58.0,17.369036,4.0024996,37.319862,34.96536
1605710860,41.56111111111111,36.0,0.0,71.0,59.0,17.369036,4.0024996,36.98432,35.84081
1605710861,41.56305555555556,36.0,0.0,71.0,59.0,17.369036,4.0024996,36.98432,35.84081
1605710862,41.565,35.5,0.0,71.5,59.0,17.369036,4.0024996,37.394966,35.84081
1605710863,41.566944444444445,35.0,0.0,72.0,59.0,17.369036,4.0024996,37.319862,35.84081
1605710864,41.56888888888889,35.0,0.0,72.0,59.0,17.369036,4.0024996,37.319862,35.84081
1605710865,41.57083333333333,35.0,0.0,73.0,59.0,17.369036,4.0024996,38.487522,35.84081
1605710866,41.57277777777778,35.0,0.0,73.0,59.0,17.369036,4.0024996,38.487522,35.84081
1605710867,41.57472222222222,35.0,0.0,74.0,59.0,17.369036,4.0024996,38.8593,35.84081
1605710868,41.57666666666667,35.0,0.0,74.0,59.0,17.369036,4.0024996,38.8593,35.84081
1605710869,41.57861111111111,35.0,0.0,74.0,59.0,17.369036,4.0024996,38.8593,35.84081
1605710870,41.580555555555556,35.0,0.0,74.0,59.0,17.369036,4.0024996,38.8593,35.84081
1605710871,41.5825,35.0,0.0,74.0,59.0,17.369036,4.0024996,38.8593,35.84081
1605710872,41.58444444444444,35.0,0.0,74.0,60.0,17.369036,4.0024996,38.8593,37.58312
1605710873,41.58638888888889,35.0,0.0,73.0,60.0,17.369036,4.0024996,38.487522,37.58312
1605710874,41.58833333333333,35.0,0.0,72.0,61.0,17.369036,4.0024996,37.319862,39.23413
1605710875,41.59027777777778,35.0,0.0,72.0,61.0,17.369036,4.0024996,37.319862,39.23413
1605710876,41.59222222222222,35.0,0.0,71.0,62.0,17.369036,4.0024996,36.98432,39.572144
1605710877,41.594166666666666,35.0,0.0,71.0,62.0,17.369036,4.0024996,36.98432,39.572144
1605710878,41.596111111111114,35.0,0.0,71.0,63.0,17.369036,4.0024996,36.98432,39.216278
1605710879,41.598055555555554,36.0,0.0,71.0,63.0,17.369036,4.0024996,36.98432,39.216278
1605710880,41.6,36.0,0.0,71.0,64.0,17.369036,4.0024996,36.98432,40.01426
1605710881,41.60194444444444,36.0,0.0,71.0,64.0,17.369036,4.0024996,36.98432,40.01426
1605710882,41.60388888888889,36.0,0.0,71.0,64.0,17.369036,4.0024996,36.98432,40.01426
1605710883,41.60583333333334,36.0,0.0,71.0,64.0,17.369036,4.0024996,36.98432,40.01426
1605710884,41.60777777777778,37.0,0.0,71.0,64.0,17.369036,4.0024996,36.98432,40.01426
1605710885,41.609722222222224,37.0,0.0,71.0,64.0,17.369036,4.0024996,36.98432,40.01426
1605710886,41.611666666666665,37.0,0.0,71.0,64.0,17.369036,4.0024996,36.98432,40.01426
1605710887,41.61361111111111,37.0,0.0,71.0,64.0,17.369036,4.0024996,36.98432,40.01426
1605710888,41.61555555555556,37.0,0.0,70.0,64.0,17.369036,4.0024996,37.636467,40.01426
1605710889,41.6175,37.0,0.0,69.0,63.0,17.369036,4.0024996,40.711266,39.216278
1605710890,41.61944444444445,38.0,0.0,69.0,63.0,17.369036,4.0024996,40.711266,39.216278
1605710891,41.62138888888889,38.0,0.0,67.0,63.0,17.369036,4.0024996,41.547077,39.216278
1605710892,41.623333333333335,38.0,0.0,66.0,63.0,17.369036,4.0024996,41.37051,39.216278
1605710893,41.625277777777775,38.0,0.0,66.0,63.0,17.369036,4.0024996,41.37051,39.216278
1605710894,41.62722222222222,38.0,0.0,65.0,63.0,17.369036,4.0024996,41.064377,39.216278
1605710895,41.62916666666666,38.0,0.0,64.0,63.0,17.369036,4.0024996,40.01426,39.216278
1605710896,41.63111111111111,38.0,0.0,64.0,64.0,17.369036,4.0024996,40.01426,40.01426
1605710897,41.63305555555556,38.0,0.0,64.0,64.0,17.369036,4.0024996,40.01426,40.01426
1605710898,41.635,38.0,0.0,63.0,65.0,17.369036,4.0024996,39.216278,41.064377
1605710899,41.636944444444445,38.0,0.0,63.0,65.0,17.369036,4.0024996,39.216278,41.064377
1605710900,41.638888888888886,39.0,0.0,63.0,66.0,17.369036,4.0024996,39.216278,41.37051
1605710901,41.64083333333333,39.0,0.0,63.0,66.0,17.369036,4.0024996,39.216278,41.37051
1605710902,41.64277777777778,39.0,0.0,63.0,67.0,17.369036,4.0024996,39.216278,41.547077
1605710903,41.64472222222222,39.0,0.0,64.0,67.0,17.369036,4.0024996,40.01426,41.547077
1605710904,41.64666666666667,39.0,0.0,64.0,66.0,17.369036,4.0024996,40.01426,41.37051
1605710905,41.64861111111111,39.0,0.0,65.0,66.0,17.369036,4.0024996,41.064377,41.37051
1605710906,41.650555555555556,39.0,0.0,65.0,66.0,17.369036,4.0024996,41.064377,41.37051
1605710907,41.6525,39.0,0.0,66.0,66.0,17.369036,4.0024996,41.37051,41.37051
1605710908,41.654444444444444,39.0,0.0,66.0,66.0,17.369036,4.0024996,41.37051,41.37051
1605710909,41.65638888888889,39.0,0.0,67.0,66.0,17.369036,4.0024996,41.547077,41.37051
1605710910,41.65833333333333,39.0,0.0,67.0,65.0,17.369036,4.0024996,41.547077,41.064377
1605710911,41.66027777777778,39.0,0.0,67.0,65.0,17.369036,4.0024996,41.547077,41.064377
1605710912,41.662222222222226,39.0,0.0,67.0,65.0,17.369036,4.0024996,41.547077,41.064377
1605710913,41.66416666666667,38.0,0.0,67.0,64.0,17.369036,4.0024996,41.547077,40.01426
1605710914,41.666111111111114,38.0,0.0,68.0,64.0,17.369036,4.0024996,41.61796,40.01426
1605710915,41.668055555555554,38.0,0.0,68.0,64.0,17.369036,4.0024996,41.61796,40.01426
1605710916,41.67,38.0,0.0,68.0,64.0,17.369036,4.0024996,41.61796,40.01426
1605710917,41.67194444444444,38.0,0.0,68.0,63.0,17.369036,4.0024996,41.61796,39.216278
1605710918,41.67388888888889,38.0,0.0,68.0,63.0,17.369036,4.0024996,41.61796,39.216278
1605710919,41.67583333333333,38.0,0.0,68.0,63.0,17.369036,4.0024996,41.61796,39.216278
1605710920,41.67777777777778,38.0,0.0,68.0,63.0,17.369036,4.0024996,41.61796,39.216278
1605710921,41.679722222222225,38.0,0.0,68.0,63.0,17.369036,4.0024996,41.61796,39.216278
1605710922,41.681666666666665,38.0,0.0,68.0,63.0,17.369036,4.0024996,41.61796,39.216278
1605710923,41.68361111111111,38.0,0.0,67.0,63.0,17.369036,4.0024996,41.547077,39.216278
1605710924,41.68555555555555,39.0,0.0,68.0,63.0,17.369036,4.0024996,41.61796,39.216278
1605710925,41.6875,39.0,0.0,68.0,63.0,17.369036,4.0024996,41.61796,39.216278
1605710926,41.68944444444445,39.0,0.0,69.0,63.0,17.369036,4.0024996,40.711266,39.216278
1605710927,41.69138888888889,39.0,0.0,70.0,63.0,17.369036,4.0024996,37.636467,39.216278
1605710928,41.693333333333335,39.0,0.0,70.0,62.0,17.369036,4.0024996,37.636467,39.572144
1605710929,41.695277777777775,39.0,0.0,71.0,62.0,17.369036,4.0024996,36.98432,39.572144
1605710930,41.69722222222222,39.0,0.0,72.0,61.0,17.369036,4.0024996,37.319862,39.23413
1605710931,41.69916666666667,39.0,0.0,72.0,61.0,17.369036,4.0024996,37.319862,39.23413
1605710932,41.70111111111111,39.0,0.0,72.0,60.0,17.369036,4.0024996,37.319862,37.58312
1605710933,41.70305555555556,39.0,0.0,74.0,60.0,17.369036,4.0024996,38.8593,37.58312
1605710934,41.705,39.0,0.0,74.0,60.0,17.369036,4.0024996,38.8593,37.58312
1605710935,41.706944444444446,39.0,0.0,74.0,60.0,17.369036,4.0024996,38.8593,37.58312
1605710936,41.708888888888886,39.0,0.0,74.0,60.0,17.369036,4.0024996,38.8593,37.58312
1605710937,41.71083333333333,39.0,0.0,73.0,60.0,17.369036,4.0024996,38.487522,37.58312
1605710938,41.71277777777778,39.0,0.0,73.0,60.0,17.369036,4.0024996,38.487522,37.58312
1605710939,41.71472222222222,39.0,0.0,73.0,60.0,17.369036,4.0024996,38.487522,37.58312
1605710940,41.71666666666667,39.0,0.0,73.0,60.0,17.369036,4.0024996,38.487522,37.58312
1605710941,41.71861111111111,40.0,0.0,74.0,61.0,33.643383,4.0024996,38.8593,39.23413
1605710942,41.720555555555556,40.0,0.0,74.0,61.0,33.643383,4.0024996,38.8593,39.23413
1605710943,41.7225,40.0,0.0,74.0,61.0,33.643383,4.0024996,38.8593,39.23413
1605710944,41.724444444444444,40.0,0.0,74.0,61.0,33.643383,4.0024996,38.8593,39.23413
1605710945,41.72638888888889,40.0,0.0,75.0,60.0,33.643383,4.0024996,39.554497,37.58312
1605710946,41.72833333333333,40.0,0.0,75.0,60.0,33.643383,4.0024996,39.554497,37.58312
1605710947,41.73027777777778,40.0,0.0,75.0,60.0,33.643383,4.0024996,39.554497,37.58312
1605710948,41.73222222222222,40.0,0.0,75.0,60.0,33.643383,4.0024996,39.554497,37.58312
1605710949,41.73416666666667,40.0,0.0,76.0,62.0,33.643383,4.0024996,41.134144,39.572144
1605710950,41.736111111111114,40.0,0.0,76.0,63.0,33.643383,4.0024996,41.134144,39.216278
1605710951,41.738055555555555,40.0,0.0,75.0,63.0,33.643383,4.0024996,39.554497,39.216278
1605710952,41.74,40.0,0.0,75.0,67.0,33.643383,4.0024996,39.554497,41.547077
1605710953,41.74194444444444,40.0,0.0,75.0,69.0,33.643383,4.0024996,39.554497,40.711266
1605710954,41.74388888888889,40.0,0.0,75.0,72.0,33.643383,4.0024996,39.554497,37.319862
1605710955,41.74583333333334,40.0,0.0,75.0,72.0,33.643383,4.0024996,39.554497,37.319862
1605710956,41.74777777777778,40.0,0.0,75.0,78.0,33.643383,4.0024996,39.554497,41.134144
1605710957,41.749722222222225,40.0,0.0,75.0,80.0,33.643383,4.0024996,39.554497,41.134144
1605710958,41.751666666666665,41.0,0.0,75.0,82.0,33.619213,4.0024996,39.554497,41.134144
1605710959,41.75361111111111,41.0,0.0,75.0,83.0,33.619213,4.0024996,39.554497,41.134144
1605710960,41.75555555555555,41.0,0.0,75.0,84.0,33.619213,4.0024996,39.554497,41.134144
1605710961,41.7575,41.0,0.0,75.0,84.0,33.619213,4.0024996,39.554497,41.134144
1605710962,41.75944444444444,41.0,0.0,75.0,85.0,33.619213,4.0024996,39.554497,41.134144
1605710963,41.76138888888889,41.0,0.0,75.0,85.0,33.619213,4.0024996,39.554497,41.134144
1605710964,41.763333333333335,41.0,0.0,76.0,85.0,33.619213,4.0024996,41.134144,41.134144
1605710965,41.765277777777776,41.0,0.0,76.0,84.0,33.619213,4.0024996,41.134144,41.134144
1605710966,41.76722222222222,41.0,0.0,76.0,83.0,33.619213,4.0024996,41.134144,41.134144
1605710967,41.76916666666666,41.0,0.0,76.0,82.0,33.619213,4.0024996,41.134144,41.134144
1605710968,41.77111111111111,40.0,0.0,77.0,82.0,33.643383,4.0024996,41.134144,41.134144
1605710969,41.77305555555556,40.0,0.0,77.0,82.0,33.643383,4.0024996,41.134144,41.134144
1605710970,41.775,40.0,0.0,77.0,81.0,33.643383,4.0024996,41.134144,41.134144
1605710971,41.776944444444446,40.0,0.0,78.0,81.0,33.643383,4.0024996,41.134144,41.134144
1605710972,41.778888888888886,40.0,0.0,78.0,80.0,33.643383,4.0024996,41.134144,41.134144
1605710973,41.780833333333334,39.0,0.0,79.0,81.0,17.369036,4.0024996,41.134144,41.134144
1605710974,41.78277777777778,39.0,0.0,79.0,81.0,17.369036,4.0024996,41.134144,41.134144
1605710975,41.78472222222222,39.0,0.0,79.0,81.0,17.369036,4.0024996,41.134144,41.134144
1605710976,41.78666666666667,39.0,0.0,79.0,81.0,17.369036,4.0024996,41.134144,41.134144
1605710977,41.78861111111111,39.0,0.0,79.0,80.0,17.369036,4.0024996,41.134144,41.134144
1605710978,41.79055555555556,39.0,0.0,78.0,80.0,17.369036,4.0024996,41.134144,41.134144
1605710979,41.792500000000004,39.0,0.0,77.0,73.0,17.369036,4.0024996,41.134144,38.487522
1605710980,41.794444444444444,39.0,0.0,77.0,73.0,17.369036,4.0024996,41.134144,38.487522
1605710981,41.79638888888889,39.0,0.0,76.0,73.0,17.369036,4.0024996,41.134144,38.487522
1605710982,41.79833333333333,40.0,0.0,75.0,72.0,33.643383,4.0024996,39.554497,37.319862
1605710983,41.80027777777778,40.0,0.0,74.0,73.0,33.643383,4.0024996,38.8593,38.487522
1605710984,41.80222222222222,40.0,0.0,73.0,73.0,33.643383,4.0024996,38.487522,38.487522
1605710985,41.80416666666667,39.89473684210526,0.0,73.0,73.05263157894737,33.643383,4.0024996,38.487522,38.487522
1605710986,41.80611111111111,39.78947368421053,0.0,73.0,73.10526315789474,33.643383,4.0024996,38.487522,38.487522
1605710987,41.808055555555555,39.68421052631579,0.0,73.0,73.15789473684211,17.369036,4.0024996,38.487522,38.487522
1605710988,41.81,39.578947368421055,0.0,73.0,73.21052631578948,17.369036,4.0024996,38.487522,38.487522
1605710989,41.81194444444444,39.47368421052632,0.0,73.0,73.26315789473684,17.369036,4.0024996,38.487522,38.32125
1605710990,41.81388888888889,39.36842105263158,0.0,73.0,73.3157894736842,17.369036,4.0024996,38.487522,38.32125
1605710991,41.81583333333333,39.26315789473684,0.0,73.0,73.36842105263158,17.369036,4.0024996,38.487522,38.32125
1605710992,41.81777777777778,39.1578947368421,0.0,73.0,73.42105263157895,17.369036,4.0024996,38.487522,38.32125
1605710993,41.819722222222225,39.05263157894737,0.0,73.0,73.47368421052632,17.369036,4.0024996,38.487522,38.32125
1605710994,41.821666666666665,38.94736842105263,0.0,73.0,73.52631578947368,17.369036,4.0024996,38.487522,38.8593
1605710995,41.82361111111111,38.8421052631579,0.0,73.0,73.57894736842105,17.369036,4.0024996,38.487522,38.8593
1605710996,41.82555555555555,38.73684210526316,0.0,73.0,73.63157894736842,17.369036,4.0024996,38.487522,38.8593
1605710997,41.8275,38.63157894736842,0.0,73.0,73.6842105263158,17.369036,4.0024996,38.487522,38.8593
1605710998,41.82944444444445,38.526315789473685,0.0,73.0,73.73684210526316,17.369036,4.0024996,38.487522,38.8593
1605710999,41.83138888888889,38.42105263157895,0.0,73.0,73.78947368421052,17.369036,4.0024996,38.487522,38.8593
1605711000,41.833333333333336,38.31578947368421,0.0,73.0,73.84210526315789,17.369036,4.0024996,38.487522,38.8593
1605711001,41.835277777777776,38.21052631578947,0.0,73.0,73.89473684210526,17.369036,4.0024996,38.487522,38.8593
1605711002,41.83722222222222,38.10526315789474,0.0,73.0,73.94736842105263,17.369036,4.0024996,38.487522,38.8593
1605711003,41.839166666666664,38.0,0.0,73.0,74.0,17.369036,4.0024996,38.487522,38.8593
1605711004,41.84111111111111,38.0,0.0,72.0,74.0,17.369036,4.0024996,37.319862,38.8593
1605711005,41.84305555555556,39.0,0.0,71.0,75.0,17.369036,4.0024996,36.98432,39.554497
1605711006,41.845,39.0,0.0,71.0,75.0,17.369036,4.0024996,36.98432,39.554497
1605711007,41.846944444444446,39.0,0.0,72.0,75.0,17.369036,4.0024996,37.319862,39.554497
1605711008,41.84888888888889,39.0,0.0,72.0,75.0,17.369036,4.0024996,37.319862,39.554497
1605711009,41.850833333333334,39.0,0.0,72.0,76.0,17.369036,4.0024996,37.319862,41.134144
1605711010,41.852777777777774,40.0,0.0,72.0,75.0,33.643383,4.0024996,37.319862,39.554497
1605711011,41.85472222222222,40.0,0.0,72.0,75.0,33.643383,4.0024996,37.319862,39.554497
1605711012,41.85666666666667,40.0,0.0,72.0,74.0,33.643383,4.0024996,37.319862,38.8593
1605711013,41.85861111111111,41.0,0.0,72.0,73.0,33.619213,4.0024996,37.319862,38.487522
1605711014,41.86055555555556,41.0,0.0,72.0,73.0,33.619213,4.0024996,37.319862,38.487522
1605711015,41.8625,41.0,0.0,72.0,72.0,33.619213,4.0024996,37.319862,37.319862
1605711016,41.864444444444445,41.0,0.0,72.0,72.0,33.619213,4.0024996,37.319862,37.319862
1605711017,41.86638888888889,41.0,0.0,71.0,71.0,33.619213,4.0024996,36.98432,36.98432
1605711018,41.86833333333333,41.0,0.0,71.0,71.0,33.619213,4.0024996,36.98432,36.98432
1605711019,41.87027777777778,41.0,0.0,71.0,71.0,33.619213,4.0024996,36.98432,36.98432
1605711020,41.87222222222222,41.0,0.0,72.0,71.0,33.619213,4.0024996,37.319862,36.98432
1605711021,41.87416666666667,41.0,0.0,72.0,72.0,33.619213,4.0024996,37.319862,37.319862
1605711022,41.876111111111115,40.0,0.0,72.0,72.0,33.643383,4.0024996,37.319862,37.319862
1605711023,41.878055555555555,40.0,0.0,72.0,73.0,33.643383,4.0024996,37.319862,38.487522
1605711024,41.88,40.0,0.0,72.0,73.0,33.643383,4.0024996,37.319862,38.487522
1605711025,41.88194444444444,40.0,0.0,72.0,74.0,33.643383,4.0024996,37.319862,38.8593
1605711026,41.88388888888889,40.0,0.0,72.0,74.0,33.643383,4.0024996,37.319862,38.8593
1605711027,41.88583333333333,39.0,0.0,72.0,74.0,17.369036,4.0024996,37.319862,38.8593
1605711028,41.88777777777778,39.0,0.0,72.0,73.0,17.369036,4.0024996,37.319862,38.487522
1605711029,41.88972222222222,39.0,0.0,72.0,73.0,17.369036,4.0024996,37.319862,38.487522
1605711030,41.891666666666666,39.0,0.0,71.0,73.0,17.369036,4.0024996,36.98432,38.487522
1605711031,41.89361111111111,39.0,0.0,71.0,73.0,17.369036,4.0024996,36.98432,38.487522
1605711032,41.89555555555555,39.0,0.0,70.0,72.0,17.369036,4.0024996,37.636467,37.319862
1605711033,41.8975,39.0,0.0,70.0,71.0,17.369036,4.0024996,37.636467,36.98432
1605711034,41.89944444444444,39.0,0.0,69.0,71.0,17.369036,4.0024996,40.711266,36.98432
1605711035,41.90138888888889,39.0,0.0,69.0,71.0,17.369036,4.0024996,40.711266,36.98432
1605711036,41.903333333333336,39.0,0.0,69.0,70.0,17.369036,4.0024996,40.711266,37.636467
1605711037,41.905277777777776,39.0,0.0,68.0,70.0,17.369036,4.0024996,41.61796,37.636467
1605711038,41.907222222222224,40.0,0.0,68.0,70.0,33.643383,4.0024996,41.61796,37.636467
1605711039,41.909166666666664,40.0,0.0,68.0,70.0,33.643383,4.0024996,41.61796,37.636467
1605711040,41.91111111111111,40.0,0.0,68.0,70.0,33.643383,4.0024996,41.61796,37.636467
1605711041,41.91305555555556,40.0,0.0,68.0,70.0,33.643383,4.0024996,41.61796,37.636467
1605711042,41.915,40.0,0.0,68.0,71.0,33.643383,4.0024996,41.61796,36.98432
1605711043,41.91694444444445,40.0,0.0,69.0,71.0,33.643383,4.0024996,40.711266,36.98432
1605711044,41.91888888888889,40.0,0.0,70.0,72.0,33.643383,4.0024996,37.636467,37.319862
1605711045,41.920833333333334,40.0,0.0,71.0,73.0,33.643383,4.0024996,36.98432,38.487522
1605711046,41.92277777777778,40.0,0.0,72.0,73.0,33.643383,4.0024996,37.319862,38.487522
1605711047,41.92472222222222,39.0,0.0,73.0,74.0,17.369036,4.0024996,38.487522,38.8593
1605711048,41.92666666666667,39.0,0.0,73.0,74.0,17.369036,4.0024996,38.487522,38.8593
1605711049,41.92861111111111,39.0,0.0,74.0,74.0,17.369036,4.0024996,38.8593,38.8593
1605711050,41.93055555555556,38.0,0.0,75.0,74.0,17.369036,4.0024996,39.554497,38.8593
1605711051,41.9325,38.0,0.0,76.0,74.0,17.369036,4.0024996,41.134144,38.8593
1605711052,41.934444444444445,38.0,0.0,76.0,74.0,17.369036,4.0024996,41.134144,38.8593
1605711053,41.936388888888885,38.0,0.0,76.0,74.0,17.369036,4.0024996,41.134144,38.8593
1605711054,41.93833333333333,38.0,0.0,76.0,74.0,17.369036,4.0024996,41.134144,38.8593
1605711055,41.94027777777778,38.0,0.0,75.0,74.0,17.369036,4.0024996,39.554497,38.8593
1605711056,41.94222222222222,38.0,0.0,75.0,73.0,17.369036,4.0024996,39.554497,38.487522
1605711057,41.94416666666667,38.0,0.0,74.0,73.0,17.369036,4.0024996,38.8593,38.487522
1605711058,41.94611111111111,38.0,0.0,73.0,73.0,17.369036,4.0024996,38.487522,38.487522
1605711059,41.948055555555555,39.0,0.0,73.0,72.0,17.369036,4.0024996,38.487522,37.319862
1605711060,41.95,39.0,0.0,73.0,72.0,17.369036,4.0024996,38.487522,37.319862
1605711061,41.95194444444444,39.0,0.0,72.0,73.0,17.369036,4.0024996,37.319862,38.487522
1605711062,41.95388888888889,39.0,0.0,72.0,73.0,17.369036,4.0024996,37.319862,38.487522
1605711063,41.95583333333333,39.0,0.0,72.0,73.0,17.369036,4.0024996,37.319862,38.487522
1605711064,41.95777777777778,39.0,0.0,72.0,73.0,17.369036,4.0024996,37.319862,38.487522
1605711065,41.959722222222226,39.0,0.0,72.0,72.0,17.369036,4.0024996,37.319862,37.319862
1605711066,41.961666666666666,40.0,0.0,72.0,72.0,33.643383,4.0024996,37.319862,37.319862
1605711067,41.96361111111111,40.0,0.0,73.0,72.0,33.643383,4.0024996,38.487522,37.319862
1605711068,41.965555555555554,40.0,0.0,73.0,72.0,33.643383,4.0024996,38.487522,37.319862
1605711069,41.9675,40.0,0.0,74.0,71.0,33.643383,4.0024996,38.8593,36.98432
1605711070,41.96944444444444,41.0,0.0,74.0,70.0,33.619213,4.0024996,38.8593,37.636467
1605711071,41.97138888888889,41.0,0.0,74.0,70.0,33.619213,4.0024996,38.8593,37.636467
1605711072,41.973333333333336,41.0,0.0,74.0,69.0,33.619213,4.0024996,38.8593,40.711266
1605711073,41.97527777777778,41.0,0.0,74.0,69.0,33.619213,4.0024996,38.8593,40.711266
1605711074,41.977222222222224,41.0,0.0,74.0,68.0,33.619213,4.0024996,38.8593,41.61796
1605711075,41.979166666666664,41.0,0.0,75.0,68.0,33.619213,4.0024996,39.554497,41.61796
1605711076,41.98111111111111,42.0,0.0,74.0,67.0,31.774727,4.0024996,38.8593,41.547077
1605711077,41.98305555555555,41.0,0.0,74.0,67.0,33.619213,4.0024996,38.8593,41.547077
1605711078,41.985,41.0,0.0,73.0,67.0,33.619213,4.0024996,38.487522,41.547077
1605711079,41.98694444444445,42.0,0.0,73.0,67.0,31.774727,4.0024996,38.487522,41.547077
1605711080,41.98888888888889,42.0,0.0,72.0,67.0,31.774727,4.0024996,37.319862,41.547077
1605711081,41.990833333333335,42.0,0.0,72.0,67.0,31.774727,4.0024996,37.319862,41.547077
1605711082,41.992777777777775,42.0,0.0,70.0,67.0,31.774727,4.0024996,37.636467,41.547077
1605711083,41.99472222222222,42.0,0.0,69.0,67.0,31.774727,4.0024996,40.711266,41.547077
1605711084,41.99666666666667,42.0,0.0,68.0,66.0,31.774727,4.0024996,41.61796,41.37051
1605711085,41.99861111111111,42.0,0.0,67.0,65.0,31.774727,4.0024996,41.547077,41.064377
1605711086,42.00055555555556,42.0,0.0,66.0,65.0,31.774727,4.0024996,41.37051,41.064377
1605711087,42.0025,42.0,0.0,65.0,64.0,31.774727,4.0024996,41.064377,40.01426
1605711088,42.004444444444445,42.0,0.0,64.0,64.0,31.774727,4.0024996,40.01426,40.01426
1605711089,42.00638888888889,43.0,0.0,64.0,63.0,31.774727,4.0024996,40.01426,39.216278
1605711090,42.00833333333333,43.0,0.0,62.0,62.0,31.774727,4.0024996,39.572144,39.572144
1605711091,42.01027777777778,43.0,0.0,62.0,62.0,31.774727,4.0024996,39.572144,39.572144
1605711092,42.01222222222222,43.0,0.0,64.0,62.0,31.774727,4.0024996,40.01426,39.572144
1605711093,42.01416666666667,44.0,0.0,64.0,62.0,31.774727,4.0024996,40.01426,39.572144
1605711094,42.01611111111111,44.0,0.0,64.0,62.0,31.774727,4.0024996,40.01426,39.572144
1605711095,42.018055555555556,44.0,0.0,65.0,62.0,31.774727,4.0024996,41.064377,39.572144
1605711096,42.02,44.0,0.0,65.0,62.0,31.774727,4.0024996,41.064377,39.572144
1605711097,42.02194444444444,44.0,0.0,66.0,62.0,31.774727,4.0024996,41.37051,39.572144
1605711098,42.02388888888889,44.0,0.0,66.0,62.0,31.774727,4.0024996,41.37051,39.572144
1605711099,42.02583333333333,43.0,0.0,66.0,63.0,31.774727,4.0024996,41.37051,39.216278
1605711100,42.02777777777778,43.0,0.0,67.0,63.0,31.774727,4.0024996,41.547077,39.216278
1605711101,42.02972222222222,43.0,0.0,68.0,63.0,31.774727,4.0024996,41.61796,39.216278
1605711102,42.031666666666666,43.0,0.0,68.0,63.0,31.774727,4.0024996,41.61796,39.216278
1605711103,42.033611111111114,43.0,0.0,69.0,63.0,31.774727,4.0024996,40.711266,39.216278
1605711104,42.035555555555554,43.0,0.0,70.0,63.0,31.774727,4.0024996,37.636467,39.216278
1605711105,42.0375,43.0,0.0,70.0,64.0,31.774727,4.0024996,37.636467,40.01426
1605711106,42.03944444444444,43.0,0.0,71.0,64.0,31.774727,4.0024996,36.98432,40.01426
1605711107,42.04138888888889,43.0,0.0,72.0,64.0,31.774727,4.0024996,37.319862,40.01426
1605711108,42.04333333333334,43.0,0.0,72.0,64.0,31.774727,4.0024996,37.319862,40.01426
1605711109,42.04527777777778,43.0,0.0,73.0,64.0,31.774727,4.0024996,38.487522,40.01426
1605711110,42.047222222222224,43.0,0.0,73.0,64.0,31.774727,4.0024996,38.487522,40.01426
1605711111,42.049166666666665,43.0,0.0,72.0,64.0,31.774727,4.0024996,37.319862,40.01426
1605711112,42.05111111111111,43.0,0.0,71.0,63.0,31.774727,4.0024996,36.98432,39.216278
1605711113,42.05305555555556,42.0,0.0,71.0,64.0,31.774727,4.0024996,36.98432,40.01426
1605711114,42.055,42.0,0.0,70.0,64.0,31.774727,4.0024996,37.636467,40.01426
1605711115,42.05694444444445,42.0,0.0,70.0,64.0,31.774727,4.0024996,37.636467,40.01426
1605711116,42.05888888888889,42.0,0.0,69.0,64.0,31.774727,4.0024996,40.711266,40.01426
1605711117,42.060833333333335,42.0,0.0,69.0,63.0,31.774727,4.0024996,40.711266,39.216278
1605711118,42.062777777777775,42.0,0.0,68.0,63.0,31.774727,4.0024996,41.61796,39.216278
1605711119,42.06472222222222,42.0,0.0,67.0,63.0,31.774727,4.0024996,41.547077,39.216278
1605711120,42.06666666666666,42.0,0.0,67.0,63.0,31.774727,4.0024996,41.547077,39.216278
1605711121,42.06861111111111,42.0,0.0,67.0,63.0,31.774727,4.0024996,41.547077,39.216278
1605711122,42.07055555555556,42.0,0.0,68.0,63.0,31.774727,4.0024996,41.61796,39.216278
1605711123,42.0725,43.0,0.0,68.0,63.0,31.774727,4.0024996,41.61796,39.216278
1605711124,42.074444444444445,43.0,0.0,68.0,63.0,31.774727,4.0024996,41.61796,39.216278
1605711125,42.076388888888886,43.0,0.0,68.0,63.0,31.774727,4.0024996,41.61796,39.216278
1605711126,42.07833333333333,43.0,0.0,68.0,63.0,31.774727,4.0024996,41.61796,39.216278
1605711127,42.08027777777778,43.0,0.0,68.0,63.0,31.774727,4.0024996,41.61796,39.216278
1605711128,42.08222222222222,43.0,0.0,68.0,62.0,31.774727,4.0024996,41.61796,39.572144
1605711129,42.08416666666667,44.0,0.0,68.0,62.0,31.774727,4.0024996,41.61796,39.572144
1605711130,42.08611111111111,44.0,0.0,69.0,62.0,31.774727,4.0024996,40.711266,39.572144
1605711131,42.088055555555556,45.0,0.0,69.0,61.0,31.774727,4.0024996,40.711266,39.23413
1605711132,42.09,45.0,0.0,68.0,60.0,31.774727,4.0024996,41.61796,37.58312
1605711133,42.091944444444444,45.0,0.0,68.0,60.0,31.774727,4.0024996,41.61796,37.58312
1605711134,42.09388888888889,45.0,0.0,68.0,59.0,31.774727,4.0024996,41.61796,35.84081
1605711135,42.09583333333333,46.0,0.0,68.0,59.0,32.1319,4.0024996,41.61796,35.84081
1605711136,42.09777777777778,46.0,0.0,68.0,59.0,32.1319,4.0024996,41.61796,35.84081
1605711137,42.099722222222226,46.0,0.0,68.0,58.0,32.1319,4.0024996,41.61796,34.96536
1605711138,42.10166666666667,46.0,0.0,68.0,58.0,32.1319,4.0024996,41.61796,34.96536
1605711139,42.103611111111114,46.0,0.0,68.0,58.0,32.1319,4.0024996,41.61796,34.96536
1605711140,42.105555555555554,46.0,0.0,68.0,58.0,32.1319,4.0024996,41.61796,34.96536
1605711141,42.1075,46.0,0.0,69.0,59.0,32.1319,4.0024996,40.711266,35.84081
1605711142,42.10944444444444,45.0,0.0,69.0,60.0,31.774727,4.0024996,40.711266,37.58312
1605711143,42.11138888888889,45.0,0.0,70.0,61.0,31.774727,4.0024996,37.636467,39.23413
1605711144,42.11333333333333,45.0,0.0,70.0,62.0,31.774727,4.0024996,37.636467,39.572144
1605711145,42.11527777777778,45.0,0.0,71.0,63.0,31.774727,4.0024996,36.98432,39.216278
1605711146,42.117222222222225,45.0,0.0,72.0,64.0,31.774727,4.0024996,37.319862,40.01426
1605711147,42.119166666666665,45.0,0.0,72.0,65.0,31.774727,4.0024996,37.319862,41.064377
1605711148,42.12111111111111,45.0,0.0,72.0,66.0,31.774727,4.0024996,37.319862,41.37051
1605711149,42.12305555555555,45.0,0.0,73.0,67.0,31.774727,4.0024996,38.487522,41.547077
1605711150,42.125,45.0,0.0,73.0,67.0,31.774727,4.0024996,38.487522,41.547077
1605711151,42.12694444444445,45.0,0.0,72.0,67.0,31.774727,4.0024996,37.319862,41.547077
1605711152,42.12888888888889,45.0,0.0,72.0,67.0,31.774727,4.0024996,37.319862,41.547077
1605711153,42.130833333333335,45.0,0.0,72.0,70.0,31.774727,4.0024996,37.319862,37.636467
1605711154,42.132777777777775,45.0,0.0,70.0,70.0,31.774727,4.0024996,37.636467,37.636467
1605711155,42.13472222222222,44.0,0.0,69.0,70.0,31.774727,4.0024996,40.711266,37.636467
1605711156,42.13666666666667,44.0,0.0,69.0,70.0,31.774727,4.0024996,40.711266,37.636467
1605711157,42.13861111111111,44.0,0.0,68.0,71.0,31.774727,4.0024996,41.61796,36.98432
1605711158,42.14055555555556,44.0,0.0,67.0,71.0,31.774727,4.0024996,41.547077,36.98432
1605711159,42.1425,43.0,0.0,66.0,70.0,31.774727,4.0024996,41.37051,37.636467
1605711160,42.144444444444446,43.0,0.0,66.0,70.0,31.774727,4.0024996,41.37051,37.636467
1605711161,42.146388888888886,42.0,0.0,66.0,70.0,31.774727,4.0024996,41.37051,37.636467
1605711162,42.14833333333333,42.0,0.0,66.0,69.0,31.774727,4.0024996,41.37051,40.711266
1605711163,42.15027777777778,41.0,0.0,65.0,68.0,33.619213,4.0024996,41.064377,41.61796
1605711164,42.15222222222222,41.0,0.0,65.0,68.0,33.619213,4.0024996,41.064377,41.61796
1605711165,42.15416666666667,41.0,0.0,65.0,68.0,33.619213,4.0024996,41.064377,41.61796
1605711166,42.15611111111111,41.0,0.0,65.0,67.0,33.619213,4.0024996,41.064377,41.547077
1605711167,42.158055555555556,41.0,0.0,65.0,67.0,33.619213,4.0024996,41.064377,41.547077
1605711168,42.16,40.0,0.0,65.0,67.0,33.643383,4.0024996,41.064377,41.547077
1605711169,42.161944444444444,40.0,0.0,65.0,67.0,33.643383,4.0024996,41.064377,41.547077
1605711170,42.16388888888889,40.0,0.0,64.0,66.0,33.643383,4.0024996,40.01426,41.37051
1605711171,42.16583333333333,40.0,0.0,64.0,66.0,33.643383,4.0024996,40.01426,41.37051
1605711172,42.16777777777778,40.0,0.0,64.0,67.0,33.643383,4.0024996,40.01426,41.547077
1605711173,42.16972222222222,40.0,0.0,64.0,67.0,33.643383,4.0024996,40.01426,41.547077
1605711174,42.17166666666667,40.0,0.0,65.0,67.0,33.643383,4.0024996,41.064377,41.547077
1605711175,42.173611111111114,40.0,0.0,65.0,67.0,33.643383,4.0024996,41.064377,41.547077
1605711176,42.175555555555555,39.0,0.0,65.0,67.0,17.369036,4.0024996,41.064377,41.547077
1605711177,42.1775,39.0,0.0,66.0,66.0,17.369036,4.0024996,41.37051,41.37051
1605711178,42.17944444444444,39.0,0.0,66.0,66.0,17.369036,4.0024996,41.37051,41.37051
1605711179,42.18138888888889,39.0,0.0,67.0,66.0,17.369036,4.0024996,41.547077,41.37051
1605711180,42.18333333333334,39.0,0.0,67.0,66.0,17.369036,4.0024996,41.547077,41.37051
1605711181,42.18527777777778,39.0,0.0,67.0,66.0,17.369036,4.0024996,41.547077,41.37051
1605711182,42.187222222222225,39.0,0.0,67.0,66.0,17.369036,4.0024996,41.547077,41.37051
1605711183,42.189166666666665,39.0,0.0,67.0,66.0,17.369036,4.0024996,41.547077,41.37051
1605711184,42.19111111111111,39.0,0.0,67.0,66.0,17.369036,4.0024996,41.547077,41.37051
1605711185,42.19305555555555,39.0,0.0,67.0,66.0,17.369036,4.0024996,41.547077,41.37051
1605711186,42.195,39.0,0.0,66.0,67.0,17.369036,4.0024996,41.37051,41.547077
1605711187,42.19694444444444,40.0,0.0,66.0,67.0,33.643383,4.0024996,41.37051,41.547077
1605711188,42.19888888888889,40.0,0.0,66.0,67.0,33.643383,4.0024996,41.37051,41.547077
1605711189,42.200833333333335,40.0,0.0,66.0,67.0,33.643383,4.0024996,41.37051,41.547077
1605711190,42.202777777777776,40.0,0.0,66.0,67.0,33.643383,4.0024996,41.37051,41.547077
1605711191,42.20472222222222,40.0,0.0,66.0,67.0,33.643383,4.0024996,41.37051,41.547077
1605711192,42.20666666666666,40.0,0.0,67.0,68.0,33.643383,4.0024996,41.547077,41.61796
1605711193,42.20861111111111,40.0,0.0,67.0,68.0,33.643383,4.0024996,41.547077,41.61796
1605711194,42.21055555555556,40.0,0.0,68.0,68.0,33.643383,4.0024996,41.61796,41.61796
1605711195,42.2125,40.0,0.0,68.0,69.0,33.643383,4.0024996,41.61796,40.711266
1605711196,42.214444444444446,40.0,0.0,68.0,69.0,33.643383,4.0024996,41.61796,40.711266
1605711197,42.216388888888886,40.0,0.0,69.0,68.0,33.643383,4.0024996,40.711266,41.61796
1605711198,42.218333333333334,40.0,0.0,70.0,68.0,33.643383,4.0024996,37.636467,41.61796
1605711199,42.22027777777778,40.0,0.0,70.0,67.0,33.643383,4.0024996,37.636467,41.547077
1605711200,42.22222222222222,40.0,0.0,70.0,67.0,33.643383,4.0024996,37.636467,41.547077
1605711201,42.22416666666667,40.0,0.0,70.0,67.0,33.643383,4.0024996,37.636467,41.547077
1605711202,42.22611111111111,40.0,0.0,70.0,66.0,33.643383,4.0024996,37.636467,41.37051
1605711203,42.22805555555556,40.0,0.0,70.0,66.0,33.643383,4.0024996,37.636467,41.37051
1605711204,42.230000000000004,40.0,0.0,70.0,65.0,33.643383,4.0024996,37.636467,41.064377
1605711205,42.231944444444444,39.0,0.0,70.0,64.0,17.369036,4.0024996,37.636467,40.01426
1605711206,42.23388888888889,39.0,0.0,70.0,64.0,17.369036,4.0024996,37.636467,40.01426
1605711207,42.23583333333333,39.0,0.0,70.0,64.0,17.369036,4.0024996,37.636467,40.01426
1605711208,42.23777777777778,39.0,0.0,70.0,63.0,17.369036,4.0024996,37.636467,39.216278
1605711209,42.23972222222222,39.0,0.0,70.0,63.0,17.369036,4.0024996,37.636467,39.216278
1605711210,42.24166666666667,39.0,0.0,70.0,63.0,17.369036,4.0024996,37.636467,39.216278
1605711211,42.24361111111111,39.0,0.0,70.0,63.0,17.369036,4.0024996,37.636467,39.216278
1605711212,42.245555555555555,39.0,0.0,70.0,62.0,17.369036,4.0024996,37.636467,39.572144
1605711213,42.2475,39.0,0.0,69.0,62.0,17.369036,4.0024996,40.711266,39.572144
1605711214,42.24944444444444,39.0,0.0,69.0,63.0,17.369036,4.0024996,40.711266,39.216278
1605711215,42.25138888888889,39.0,0.0,69.0,63.0,17.369036,4.0024996,40.711266,39.216278
1605711216,42.25333333333333,39.0,0.0,69.0,63.0,17.369036,4.0024996,40.711266,39.216278
1605711217,42.25527777777778,39.0,0.0,68.0,63.0,17.369036,4.0024996,41.61796,39.216278
1605711218,42.257222222222225,39.0,0.0,68.0,64.0,17.369036,4.0024996,41.61796,40.01426
1605711219,42.259166666666665,39.0,0.0,68.0,64.0,17.369036,4.0024996,41.61796,40.01426
1605711220,42.26111111111111,39.0,0.0,67.0,64.0,17.369036,4.0024996,41.547077,40.01426
1605711221,42.26305555555555,39.0,0.0,67.0,64.0,17.369036,4.0024996,41.547077,40.01426
1605711222,42.265,39.0,0.0,66.0,64.0,17.369036,4.0024996,41.37051,40.01426
1605711223,42.26694444444445,39.0,0.0,66.0,65.0,17.369036,4.0024996,41.37051,41.064377
1605711224,42.26888888888889,39.0,0.0,66.0,65.0,17.369036,4.0024996,41.37051,41.064377
1605711225,42.270833333333336,39.0,0.0,66.0,65.0,17.369036,4.0024996,41.37051,41.064377
1605711226,42.272777777777776,39.0,0.0,65.0,64.0,17.369036,4.0024996,41.064377,40.01426
1605711227,42.27472222222222,39.0,0.0,65.0,64.0,17.369036,4.0024996,41.064377,40.01426
1605711228,42.276666666666664,38.0,0.0,65.0,64.0,17.369036,4.0024996,41.064377,40.01426
1605711229,42.27861111111111,38.0,0.0,64.0,64.0,17.369036,4.0024996,40.01426,40.01426
1605711230,42.28055555555556,39.0,0.0,64.0,65.0,17.369036,4.0024996,40.01426,41.064377
1605711231,42.2825,39.0,0.0,64.0,65.0,17.369036,4.0024996,40.01426,41.064377
1605711232,42.284444444444446,39.0,0.0,64.0,66.0,17.369036,4.0024996,40.01426,41.37051
1605711233,42.28638888888889,39.0,0.0,64.0,66.0,17.369036,4.0024996,40.01426,41.37051
1605711234,42.288333333333334,39.0,0.0,64.0,67.0,17.369036,4.0024996,40.01426,41.547077
1605711235,42.290277777777774,39.0,0.0,64.0,68.0,17.369036,4.0024996,40.01426,41.61796
1605711236,42.29222222222222,39.0,0.0,64.0,68.0,17.369036,4.0024996,40.01426,41.61796
1605711237,42.29416666666667,39.0,0.0,64.0,68.0,17.369036,4.0024996,40.01426,41.61796
1605711238,42.29611111111111,39.0,0.0,65.0,69.0,17.369036,4.0024996,41.064377,40.711266
1605711239,42.29805555555556,39.0,0.0,65.0,70.0,17.369036,4.0024996,41.064377,37.636467
1605711240,42.3,39.0,0.0,66.0,70.0,17.369036,4.0024996,41.37051,37.636467
1605711241,42.301944444444445,39.0,0.0,66.0,69.0,17.369036,4.0024996,41.37051,40.711266
1605711242,42.30388888888889,39.0,0.0,66.0,69.0,17.369036,4.0024996,41.37051,40.711266
1605711243,42.30583333333333,39.0,0.0,66.0,69.0,17.369036,4.0024996,41.37051,40.711266
1605711244,42.30777777777778,39.0,0.0,66.0,68.0,17.369036,4.0024996,41.37051,41.61796
1605711245,42.30972222222222,39.0,0.0,66.0,67.0,17.369036,4.0024996,41.37051,41.547077
1605711246,42.31166666666667,39.0,0.0,66.0,67.0,17.369036,4.0024996,41.37051,41.547077
1605711247,42.313611111111115,39.0,0.0,67.0,66.0,17.369036,4.0024996,41.547077,41.37051
1605711248,42.315555555555555,39.0,0.0,67.0,65.0,17.369036,4.0024996,41.547077,41.064377
1605711249,42.3175,39.0,0.0,66.0,65.0,17.369036,4.0024996,41.37051,41.064377
1605711250,42.31944444444444,39.0,0.0,66.0,65.0,17.369036,4.0024996,41.37051,41.064377
1605711251,42.32138888888889,39.0,0.0,65.0,64.0,17.369036,4.0024996,41.064377,40.01426
1605711252,42.32333333333333,39.0,0.0,64.0,63.0,17.369036,4.0024996,40.01426,39.216278
1605711253,42.32527777777778,39.0,0.0,64.0,63.0,17.369036,4.0024996,40.01426,39.216278
1605711254,42.32722222222222,39.0,0.0,64.0,63.0,17.369036,4.0024996,40.01426,39.216278
1605711255,42.329166666666666,39.0,0.0,63.0,62.0,17.369036,4.0024996,39.216278,39.572144
1605711256,42.33111111111111,39.0,0.0,63.0,62.0,17.369036,4.0024996,39.216278,39.572144
1605711257,42.33305555555555,39.0,0.0,63.0,62.0,17.369036,4.0024996,39.216278,39.572144
1605711258,42.335,39.0,0.0,63.0,61.0,17.369036,4.0024996,39.216278,39.23413
1605711259,42.33694444444444,39.0,0.0,63.0,61.0,17.369036,4.0024996,39.216278,39.23413
1605711260,42.33888888888889,39.0,0.0,63.0,61.0,17.369036,4.0024996,39.216278,39.23413
1605711261,42.340833333333336,38.0,0.0,63.0,61.0,17.369036,4.0024996,39.216278,39.23413
1605711262,42.342777777777776,38.0,0.0,63.0,62.0,17.369036,4.0024996,39.216278,39.572144
1605711263,42.344722222222224,38.0,0.0,63.0,62.0,17.369036,4.0024996,39.216278,39.572144
1605711264,42.346666666666664,38.0,0.0,63.0,63.0,17.369036,4.0024996,39.216278,39.216278
1605711265,42.34861111111111,38.0,0.0,62.0,64.0,17.369036,4.0024996,39.572144,40.01426
1605711266,42.35055555555556,38.0,0.0,61.0,65.0,17.369036,4.0024996,39.23413,41.064377
1605711267,42.3525,38.0,0.0,61.0,67.0,17.369036,4.0024996,39.23413,41.547077
1605711268,42.35444444444445,38.0,0.0,60.0,69.0,17.369036,4.0024996,37.58312,40.711266
1605711269,42.35638888888889,38.0,0.0,60.0,70.0,17.369036,4.0024996,37.58312,37.636467
1605711270,42.358333333333334,38.0,0.0,60.0,71.0,17.369036,4.0024996,37.58312,36.98432
1605711271,42.36027777777778,38.0,0.0,60.0,72.0,17.369036,4.0024996,37.58312,37.319862
1605711272,42.36222222222222,38.0,0.0,60.0,72.0,17.369036,4.0024996,37.58312,37.319862
1605711273,42.36416666666667,38.0,0.0,60.0,73.0,17.369036,4.0024996,37.58312,38.487522
1605711274,42.36611111111111,38.0,0.0,60.0,73.0,17.369036,4.0024996,37.58312,38.487522
1605711275,42.36805555555556,38.0,0.0,61.0,73.0,17.369036,4.0024996,39.23413,38.487522
1605711276,42.37,38.0,0.0,62.0,73.0,17.369036,4.0024996,39.572144,38.487522
1605711277,42.371944444444445,39.0,0.0,63.0,72.0,17.369036,4.0024996,39.216278,37.319862
1605711278,42.373888888888885,39.0,0.0,63.0,72.0,17.369036,4.0024996,39.216278,37.319862
1605711279,42.37583333333333,39.0,0.0,64.0,71.0,17.369036,4.0024996,40.01426,36.98432
1605711280,42.37777777777778,39.0,0.0,65.0,71.0,17.369036,4.0024996,41.064377,36.98432
1605711281,42.37972222222222,39.0,0.0,65.0,71.0,17.369036,4.0024996,41.064377,36.98432
1605711282,42.38166666666667,39.0,0.0,66.0,72.0,17.369036,4.0024996,41.37051,37.319862
1605711283,42.38361111111111,39.0,0.0,66.0,72.0,17.369036,4.0024996,41.37051,37.319862
1605711284,42.385555555555555,39.0,0.0,66.0,72.0,17.369036,4.0024996,41.37051,37.319862
1605711285,42.3875,39.0,0.0,65.0,74.0,17.369036,4.0024996,41.064377,38.8593
1605711286,42.38944444444444,39.0,0.0,65.0,75.0,17.369036,4.0024996,41.064377,39.554497
1605711287,42.39138888888889,39.0,0.0,64.0,75.0,17.369036,4.0024996,40.01426,39.554497
1605711288,42.39333333333333,40.0,0.0,64.0,77.0,33.643383,4.0024996,40.01426,41.134144
1605711289,42.39527777777778,40.0,0.0,63.0,78.0,33.643383,4.0024996,39.216278,41.134144
1605711290,42.397222222222226,40.0,0.0,63.0,78.0,33.643383,4.0024996,39.216278,41.134144
1605711291,42.399166666666666,40.0,0.0,62.0,78.0,33.643383,4.0024996,39.572144,41.134144
1605711292,42.40111111111111,40.0,0.0,62.0,78.0,33.643383,4.0024996,39.572144,41.134144
1605711293,42.403055555555554,40.0,0.0,62.0,77.0,33.643383,4.0024996,39.572144,41.134144
1605711294,42.405,40.0,0.0,62.0,77.0,33.643383,4.0024996,39.572144,41.134144
1605711295,42.40694444444444,40.0,0.0,61.0,76.0,33.643383,4.0024996,39.23413,41.134144
1605711296,42.40888888888889,40.0,0.0,61.0,75.0,33.643383,4.0024996,39.23413,39.554497
1605711297,42.410833333333336,40.0,0.0,61.0,74.0,33.643383,4.0024996,39.23413,38.8593
1605711298,42.41277777777778,40.0,0.0,61.0,73.0,33.643383,4.0024996,39.23413,38.487522
1605711299,42.414722222222224,40.0,0.0,62.0,73.0,33.643383,4.0024996,39.572144,38.487522
1605711300,42.416666666666664,40.0,0.0,62.0,72.0,33.643383,4.0024996,39.572144,37.319862
1605711301,42.41861111111111,40.0,0.0,62.0,71.0,33.643383,4.0024996,39.572144,36.98432
1605711302,42.42055555555555,40.0,0.0,62.0,71.0,33.643383,4.0024996,39.572144,36.98432
1605711303,42.4225,40.0,0.0,62.0,71.0,33.643383,4.0024996,39.572144,36.98432
1605711304,42.42444444444445,40.0,0.0,63.0,71.0,33.643383,4.0024996,39.216278,36.98432
1605711305,42.42638888888889,40.0,0.0,63.0,71.0,33.643383,4.0024996,39.216278,36.98432
1605711306,42.428333333333335,40.0,0.0,63.0,71.0,33.643383,4.0024996,39.216278,36.98432
1605711307,42.430277777777775,40.0,0.0,63.0,68.0,33.643383,4.0024996,39.216278,41.61796
1605711308,42.43222222222222,40.0,0.0,63.0,68.0,33.643383,4.0024996,39.216278,41.61796
1605711309,42.43416666666667,40.0,0.0,63.0,67.0,33.643383,4.0024996,39.216278,41.547077
1605711310,42.43611111111111,40.0,0.0,63.0,67.0,33.643383,4.0024996,39.216278,41.547077
1605711311,42.43805555555556,40.0,0.0,63.0,67.0,33.643383,4.0024996,39.216278,41.547077
1605711312,42.44,39.0,0.0,63.0,66.0,17.369036,4.0024996,39.216278,41.37051
1605711313,42.441944444444445,39.0,0.0,63.0,66.0,17.369036,4.0024996,39.216278,41.37051
1605711314,42.44388888888889,39.0,0.0,63.0,65.0,17.369036,4.0024996,39.216278,41.064377
1605711315,42.44583333333333,39.0,0.0,63.0,64.0,17.369036,4.0024996,39.216278,40.01426
1605711316,42.44777777777778,38.0,0.0,63.0,64.0,17.369036,4.0024996,39.216278,40.01426
1605711317,42.44972222222222,38.0,0.0,63.0,63.0,17.369036,4.0024996,39.216278,39.216278
1605711318,42.45166666666667,38.0,0.0,63.0,63.0,17.369036,4.0024996,39.216278,39.216278
1605711319,42.45361111111111,38.0,0.0,63.0,62.0,17.369036,4.0024996,39.216278,39.572144
1605711320,42.455555555555556,38.0,0.0,63.0,62.0,17.369036,4.0024996,39.216278,39.572144
1605711321,42.4575,38.0,0.0,63.0,62.0,17.369036,4.0024996,39.216278,39.572144
1605711322,42.45944444444444,38.0,0.0,62.0,62.0,17.369036,4.0024996,39.572144,39.572144
1605711323,42.46138888888889,38.0,0.0,61.0,61.0,17.369036,4.0024996,39.23413,39.23413
1605711324,42.46333333333333,38.0,0.0,61.0,61.0,17.369036,4.0024996,39.23413,39.23413
1605711325,42.46527777777778,38.0,0.0,61.0,62.0,17.369036,4.0024996,39.23413,39.572144
1605711326,42.46722222222222,38.0,0.0,60.0,62.0,17.369036,4.0024996,37.58312,39.572144
1605711327,42.469166666666666,38.0,0.0,60.0,62.0,17.369036,4.0024996,37.58312,39.572144
1605711328,42.471111111111114,38.0,0.0,60.0,62.0,17.369036,4.0024996,37.58312,39.572144
1605711329,42.473055555555554,38.0,0.0,60.0,62.0,17.369036,4.0024996,37.58312,39.572144
1605711330,42.475,39.0,0.0,60.0,62.0,17.369036,4.0024996,37.58312,39.572144
1605711331,42.47694444444444,39.0,0.0,60.0,62.0,17.369036,4.0024996,37.58312,39.572144
1605711332,42.47888888888889,39.0,0.0,61.0,62.0,17.369036,4.0024996,39.23413,39.572144
1605711333,42.48083333333334,39.0,0.0,61.0,62.0,17.369036,4.0024996,39.23413,39.572144
1605711334,42.48277777777778,39.0,0.0,62.0,62.0,17.369036,4.0024996,39.572144,39.572144
1605711335,42.484722222222224,39.0,0.0,62.0,62.0,17.369036,4.0024996,39.572144,39.572144
1605711336,42.486666666666665,40.0,0.0,63.0,62.0,33.643383,4.0024996,39.216278,39.572144
1605711337,42.48861111111111,40.0,0.0,64.0,62.0,33.643383,4.0024996,40.01426,39.572144
1605711338,42.49055555555556,40.0,0.0,65.0,62.0,33.643383,4.0024996,41.064377,39.572144
1605711339,42.4925,40.0,0.0,65.0,63.0,33.643383,4.0024996,41.064377,39.216278
1605711340,42.49444444444445,40.0,0.0,65.0,63.0,33.643383,4.0024996,41.064377,39.216278
1605711341,42.49638888888889,40.0,0.0,66.0,63.0,33.643383,4.0024996,41.37051,39.216278
1605711342,42.498333333333335,40.0,0.0,66.0,64.0,33.643383,4.0024996,41.37051,40.01426
1605711343,42.500277777777775,40.0,0.0,66.0,65.0,33.643383,4.0024996,41.37051,41.064377
1605711344,42.50222222222222,40.0,0.0,65.0,65.0,33.643383,4.0024996,41.064377,41.064377
1605711345,42.50416666666666,40.0,0.0,65.0,65.0,33.643383,4.0024996,41.064377,41.064377
1605711346,42.50611111111111,40.0,0.0,65.0,66.0,33.643383,4.0024996,41.064377,41.37051
1605711347,42.50805555555556,40.0,0.0,65.0,66.0,33.643383,4.0024996,41.064377,41.37051
1605711348,42.51,40.0,0.0,65.0,66.0,33.643383,4.0024996,41.064377,41.37051
1605711349,42.511944444444445,40.0,0.0,65.0,66.0,33.643383,4.0024996,41.064377,41.37051
1605711350,42.513888888888886,40.0,0.0,65.0,66.0,33.643383,4.0024996,41.064377,41.37051
1605711351,42.51583333333333,40.0,0.0,65.0,66.0,33.643383,4.0024996,41.064377,41.37051
1605711352,42.51777777777778,40.0,0.0,65.0,66.0,33.643383,4.0024996,41.064377,41.37051
1605711353,42.51972222222222,40.0,0.0,66.0,66.0,33.643383,4.0024996,41.37051,41.37051
1605711354,42.52166666666667,40.0,0.0,66.0,66.0,33.643383,4.0024996,41.37051,41.37051
1605711355,42.52361111111111,40.0,0.0,68.0,66.0,33.643383,4.0024996,41.61796,41.37051
1605711356,42.525555555555556,40.0,0.0,68.0,66.0,33.643383,4.0024996,41.61796,41.37051
1605711357,42.5275,40.0,0.0,68.0,67.0,33.643383,4.0024996,41.61796,41.547077
1605711358,42.529444444444444,40.0,0.0,70.0,67.0,33.643383,4.0024996,37.636467,41.547077
1605711359,42.53138888888889,40.0,0.0,70.0,67.0,33.643383,4.0024996,37.636467,41.547077
1605711360,42.53333333333333,40.0,0.0,71.0,68.0,33.643383,4.0024996,36.98432,41.61796
1605711361,42.53527777777778,40.0,0.0,71.0,69.0,33.643383,4.0024996,36.98432,40.711266
1605711362,42.537222222222226,40.0,0.0,71.0,69.0,33.643383,4.0024996,36.98432,40.711266
1605711363,42.53916666666667,40.0,0.0,71.0,70.0,33.643383,4.0024996,36.98432,37.636467
1605711364,42.541111111111114,40.0,0.0,71.0,71.0,33.643383,4.0024996,36.98432,36.98432
1605711365,42.543055555555554,39.0,0.0,71.0,72.0,17.369036,4.0024996,36.98432,37.319862
1605711366,42.545,39.0,0.0,70.0,72.0,17.369036,4.0024996,37.636467,37.319862
1605711367,42.54694444444444,39.0,0.0,69.0,73.0,17.369036,4.0024996,40.711266,38.487522
1605711368,42.54888888888889,39.0,0.0,68.0,73.0,17.369036,4.0024996,41.61796,38.487522
1605711369,42.55083333333333,39.0,0.0,67.0,74.0,17.369036,4.0024996,41.547077,38.8593
1605711370,42.55277777777778,38.0,0.0,66.0,74.0,17.369036,4.0024996,41.37051,38.8593
1605711371,42.554722222222225,38.0,0.0,66.0,74.0,17.369036,4.0024996,41.37051,38.8593
1605711372,42.556666666666665,38.0,0.0,65.0,74.0,17.369036,4.0024996,41.064377,38.8593
1605711373,42.55861111111111,38.0,0.0,65.0,73.0,17.369036,4.0024996,41.064377,38.487522
1605711374,42.56055555555555,38.0,0.0,65.0,73.0,17.369036,4.0024996,41.064377,38.487522
1605711375,42.5625,39.0,0.0,65.0,72.0,17.369036,4.0024996,41.064377,37.319862
1605711376,42.56444444444445,39.0,0.0,65.0,71.0,17.369036,4.0024996,41.064377,36.98432
1605711377,42.56638888888889,39.0,0.0,65.0,71.0,17.369036,4.0024996,41.064377,36.98432
1605711378,42.568333333333335,39.0,0.0,65.0,70.0,17.369036,4.0024996,41.064377,37.636467
1605711379,42.570277777777775,39.0,0.0,65.0,70.0,17.369036,4.0024996,41.064377,37.636467
1605711380,42.57222222222222,39.0,0.0,65.0,68.0,17.369036,4.0024996,41.064377,41.61796
1605711381,42.57416666666667,40.0,0.0,64.0,68.0,33.643383,4.0024996,40.01426,41.61796
1605711382,42.57611111111111,40.0,0.0,64.0,68.0,33.643383,4.0024996,40.01426,41.61796
1605711383,42.57805555555556,40.0,0.0,64.0,66.0,33.643383,4.0024996,40.01426,41.37051
1605711384,42.58,40.0,0.0,64.0,66.0,33.643383,4.0024996,40.01426,41.37051
1605711385,42.581944444444446,40.0,0.0,63.0,66.0,33.643383,4.0024996,39.216278,41.37051
1605711386,42.583888888888886,40.0,0.0,62.0,65.0,33.643383,4.0024996,39.572144,41.064377
1605711387,42.58583333333333,40.0,0.0,62.0,65.0,33.643383,4.0024996,39.572144,41.064377
1605711388,42.58777777777778,41.0,0.0,62.0,65.0,33.619213,4.0024996,39.572144,41.064377
1605711389,42.58972222222222,41.0,0.0,63.0,65.0,33.619213,4.0024996,39.216278,41.064377
1605711390,42.59166666666667,41.0,0.0,63.0,65.0,33.619213,4.0024996,39.216278,41.064377
1605711391,42.59361111111111,41.0,0.0,63.0,65.0,33.619213,4.0024996,39.216278,41.064377
1605711392,42.595555555555556,40.0,0.0,63.0,65.0,33.643383,4.0024996,39.216278,41.064377
1605711393,42.5975,40.0,0.0,63.0,65.0,33.643383,4.0024996,39.216278,41.064377
1605711394,42.599444444444444,40.0,0.0,64.0,65.0,33.643383,4.0024996,40.01426,41.064377
1605711395,42.60138888888889,40.0,0.0,64.0,66.0,33.643383,4.0024996,40.01426,41.37051
1605711396,42.60333333333333,39.0,0.0,65.0,66.0,17.369036,4.0024996,41.064377,41.37051
1605711397,42.60527777777778,39.0,0.0,65.0,66.0,17.369036,4.0024996,41.064377,41.37051
1605711398,42.60722222222222,39.0,0.0,66.0,66.0,17.369036,4.0024996,41.37051,41.37051
1605711399,42.60916666666667,38.0,0.0,66.0,66.0,17.369036,4.0024996,41.37051,41.37051
1605711400,42.611111111111114,38.0,0.0,67.0,66.0,17.369036,4.0024996,41.547077,41.37051
1605711401,42.613055555555555,38.0,0.0,68.0,66.0,17.369036,4.0024996,41.61796,41.37051
1605711402,42.615,38.0,0.0,69.0,67.0,17.369036,4.0024996,40.711266,41.547077
1605711403,42.61694444444444,38.0,0.0,69.0,67.0,17.369036,4.0024996,40.711266,41.547077
1605711404,42.61888888888889,38.0,0.0,69.0,67.0,17.369036,4.0024996,40.711266,41.547077
1605711405,42.62083333333334,38.0,0.0,69.0,67.0,17.369036,4.0024996,40.711266,41.547077
1605711406,42.62277777777778,38.0,0.0,68.0,66.0,17.369036,4.0024996,41.61796,41.37051
1605711407,42.624722222222225,38.0,0.0,68.0,66.0,17.369036,4.0024996,41.61796,41.37051
1605711408,42.626666666666665,38.0,0.0,67.0,66.0,17.369036,4.0024996,41.547077,41.37051
1605711409,42.62861111111111,38.0,0.0,66.0,66.0,17.369036,4.0024996,41.37051,41.37051
1605711410,42.63055555555555,38.0,0.0,65.0,67.0,17.369036,4.0024996,41.064377,41.547077
1605711411,42.6325,38.0,0.0,64.0,67.0,17.369036,4.0024996,40.01426,41.547077
1605711412,42.63444444444444,38.0,0.0,64.0,67.0,17.369036,4.0024996,40.01426,41.547077
1605711413,42.63638888888889,38.0,0.0,65.0,67.0,17.369036,4.0024996,41.064377,41.547077
1605711414,42.638333333333335,38.0,0.0,65.0,66.0,17.369036,4.0024996,41.064377,41.37051
1605711415,42.640277777777776,38.0,0.0,65.0,66.0,17.369036,4.0024996,41.064377,41.37051
1605711416,42.64222222222222,38.0,0.0,65.0,66.0,17.369036,4.0024996,41.064377,41.37051
1605711417,42.64416666666666,38.0,0.0,65.0,66.0,17.369036,4.0024996,41.064377,41.37051
1605711418,42.64611111111111,38.0,0.0,65.0,66.0,17.369036,4.0024996,41.064377,41.37051
1605711419,42.64805555555556,38.0,0.0,65.0,66.0,17.369036,4.0024996,41.064377,41.37051
1605711420,42.65,38.0,0.0,65.0,67.0,17.369036,4.0024996,41.064377,41.547077
1605711421,42.651944444444446,38.0,0.0,65.0,68.0,17.369036,4.0024996,41.064377,41.61796
1605711422,42.653888888888886,39.0,0.0,64.0,70.0,17.369036,4.0024996,40.01426,37.636467
1605711423,42.655833333333334,39.0,0.0,64.0,72.0,17.369036,4.0024996,40.01426,37.319862
1605711424,42.65777777777778,39.0,0.0,64.0,75.0,17.369036,4.0024996,40.01426,39.554497
1605711425,42.65972222222222,39.0,0.0,65.0,78.0,17.369036,4.0024996,41.064377,41.134144
1605711426,42.66166666666667,39.0,0.0,65.0,82.0,17.369036,4.0024996,41.064377,41.134144
1605711427,42.66361111111111,39.0,0.0,65.0,85.0,17.369036,4.0024996,41.064377,41.134144
1605711428,42.66555555555556,39.0,0.0,65.0,89.0,17.369036,4.0024996,41.064377,63.267406
1605711429,42.667500000000004,39.0,0.0,65.0,92.0,17.369036,4.0024996,41.064377,63.02892
1605711430,42.669444444444444,39.0,0.0,65.0,94.0,17.369036,4.0024996,41.064377,61.485622
1605711431,42.67138888888889,39.0,0.0,64.0,95.0,17.369036,4.0024996,40.01426,59.852474
1605711432,42.67333333333333,39.0,0.0,64.0,96.0,17.369036,4.0024996,40.01426,59.848633
1605711433,42.67527777777778,39.0,0.0,64.0,96.0,17.369036,4.0024996,40.01426,59.848633
1605711434,42.67722222222222,39.0,0.0,63.0,96.0,17.369036,4.0024996,39.216278,59.848633
1605711435,42.67916666666667,39.0,0.0,63.0,96.0,17.369036,4.0024996,39.216278,59.848633
1605711436,42.68111111111111,39.0,0.0,63.0,95.0,17.369036,4.0024996,39.216278,59.852474
1605711437,42.683055555555555,39.0,0.0,63.0,94.0,17.369036,4.0024996,39.216278,61.485622
1605711438,42.685,39.0,0.0,63.0,93.0,17.369036,4.0024996,39.216278,61.589428
1605711439,42.68694444444444,38.0,0.0,63.0,91.0,17.369036,4.0024996,39.216278,62.94861
1605711440,42.68888888888889,38.0,0.0,63.0,90.0,17.369036,4.0024996,39.216278,63.267406
1605711441,42.69083333333333,38.0,0.0,63.0,90.0,17.369036,4.0024996,39.216278,63.267406
1605711442,42.69277777777778,38.0,0.0,64.0,89.0,17.369036,4.0024996,40.01426,63.267406
1605711443,42.694722222222225,37.0,0.0,64.0,89.0,17.369036,4.0024996,40.01426,63.267406
1605711444,42.696666666666665,37.0,0.0,64.0,88.0,17.369036,4.0024996,40.01426,41.134144
1605711445,42.69861111111111,37.0,0.0,64.0,87.0,17.369036,4.0024996,40.01426,41.134144
1605711446,42.70055555555555,37.0,0.0,65.0,86.0,17.369036,4.0024996,41.064377,41.134144
1605711447,42.7025,37.0,0.0,65.0,86.0,17.369036,4.0024996,41.064377,41.134144
1605711448,42.70444444444445,37.0,0.0,65.0,85.0,17.369036,4.0024996,41.064377,41.134144
1605711449,42.70638888888889,37.0,0.0,65.0,85.0,17.369036,4.0024996,41.064377,41.134144
1605711450,42.708333333333336,37.0,0.0,65.0,85.0,17.369036,4.0024996,41.064377,41.134144
1605711451,42.710277777777776,37.0,0.0,65.0,85.0,17.369036,4.0024996,41.064377,41.134144
1605711452,42.71222222222222,37.0,0.0,66.0,85.0,17.369036,4.0024996,41.37051,41.134144
1605711453,42.714166666666664,38.0,0.0,66.0,86.0,17.369036,4.0024996,41.37051,41.134144
1605711454,42.71611111111111,38.0,0.0,66.0,86.0,17.369036,4.0024996,41.37051,41.134144
1605711455,42.71805555555556,38.0,0.0,67.0,86.0,17.369036,4.0024996,41.547077,41.134144
1605711456,42.72,38.0,0.0,67.0,86.0,17.369036,4.0024996,41.547077,41.134144
1605711457,42.721944444444446,38.0,0.0,67.0,86.0,17.369036,4.0024996,41.547077,41.134144
1605711458,42.72388888888889,38.0,0.0,67.0,86.0,17.369036,4.0024996,41.547077,41.134144
1605711459,42.725833333333334,38.0,0.0,68.0,85.0,17.369036,4.0024996,41.61796,41.134144
1605711460,42.727777777777774,38.0,0.0,68.0,84.0,17.369036,4.0024996,41.61796,41.134144
1605711461,42.72972222222222,38.0,0.0,68.0,84.0,17.369036,4.0024996,41.61796,41.134144
1605711462,42.73166666666667,38.0,0.0,68.0,83.0,17.369036,4.0024996,41.61796,41.134144
1605711463,42.73361111111111,38.0,0.0,68.0,84.0,17.369036,4.0024996,41.61796,41.134144
1605711464,42.73555555555556,38.0,0.0,68.0,85.0,17.369036,4.0024996,41.61796,41.134144
1605711465,42.7375,38.0,0.0,67.0,85.0,17.369036,4.0024996,41.547077,41.134144
1605711466,42.739444444444445,38.0,0.0,67.0,85.0,17.369036,4.0024996,41.547077,41.134144
1605711467,42.74138888888889,38.0,0.0,66.0,85.0,17.369036,4.0024996,41.37051,41.134144
1605711468,42.74333333333333,38.0,0.0,65.0,85.0,17.369036,4.0024996,41.064377,41.134144
1605711469,42.74527777777778,38.0,0.0,64.0,85.0,17.369036,4.0024996,40.01426,41.134144
1605711470,42.74722222222222,38.0,0.0,63.0,84.0,17.369036,4.0024996,39.216278,41.134144
1605711471,42.74916666666667,37.0,0.0,63.0,84.0,17.369036,4.0024996,39.216278,41.134144
1605711472,42.751111111111115,37.0,0.0,62.0,83.0,17.369036,4.0024996,39.572144,41.134144
1605711473,42.753055555555555,37.0,0.0,62.0,83.0,17.369036,4.0024996,39.572144,41.134144
1605711474,42.755,36.0,0.0,61.0,82.0,17.369036,4.0024996,39.23413,41.134144
1605711475,42.75694444444444,36.0,0.0,61.0,81.0,17.369036,4.0024996,39.23413,41.134144
1605711476,42.75888888888889,36.0,0.0,61.0,81.0,17.369036,4.0024996,39.23413,41.134144
1605711477,42.76083333333333,36.0,0.0,60.0,81.0,17.369036,4.0024996,37.58312,41.134144
1605711478,42.76277777777778,36.0,0.0,60.0,81.0,17.369036,4.0024996,37.58312,41.134144
1605711479,42.76472222222222,36.0,0.0,61.0,80.0,17.369036,4.0024996,39.23413,41.134144
1605711480,42.766666666666666,37.0,0.0,61.0,80.0,17.369036,4.0024996,39.23413,41.134144
1605711481,42.76861111111111,37.0,0.0,61.0,81.0,17.369036,4.0024996,39.23413,41.134144
1605711482,42.77055555555555,37.0,0.0,61.0,81.0,17.369036,4.0024996,39.23413,41.134144
1605711483,42.7725,37.0,0.0,61.0,82.0,17.369036,4.0024996,39.23413,41.134144
1605711484,42.77444444444444,37.0,0.0,61.0,82.0,17.369036,4.0024996,39.23413,41.134144
1605711485,42.77638888888889,37.0,0.0,61.0,83.0,17.369036,4.0024996,39.23413,41.134144
1605711486,42.778333333333336,38.0,0.0,61.0,83.0,17.369036,4.0024996,39.23413,41.134144
1605711487,42.780277777777776,38.0,0.0,61.0,83.0,17.369036,4.0024996,39.23413,41.134144
1605711488,42.782222222222224,38.0,0.0,61.0,84.0,17.369036,4.0024996,39.23413,41.134144
1605711489,42.784166666666664,37.0,0.0,61.0,85.0,17.369036,4.0024996,39.23413,41.134144
1605711490,42.78611111111111,37.0,0.0,61.0,85.0,17.369036,4.0024996,39.23413,41.134144
1605711491,42.78805555555556,37.0,0.0,61.0,85.0,17.369036,4.0024996,39.23413,41.134144
1605711492,42.79,37.0,0.0,61.0,84.0,17.369036,4.0024996,39.23413,41.134144
1605711493,42.79194444444445,37.0,0.0,62.0,83.0,17.369036,4.0024996,39.572144,41.134144
1605711494,42.79388888888889,38.0,0.0,62.0,83.0,17.369036,4.0024996,39.572144,41.134144
1605711495,42.795833333333334,38.0,0.0,63.0,83.0,17.369036,4.0024996,39.216278,41.134144
1605711496,42.79777777777778,38.0,0.0,64.0,81.0,17.369036,4.0024996,40.01426,41.134144
1605711497,42.79972222222222,38.0,0.0,64.0,80.0,17.369036,4.0024996,40.01426,41.134144
1605711498,42.80166666666667,39.0,0.0,64.0,79.0,17.369036,4.0024996,40.01426,41.134144
1605711499,42.80361111111111,39.0,0.0,64.0,78.0,17.369036,4.0024996,40.01426,41.134144
1605711500,42.80555555555556,39.0,0.0,64.0,77.0,17.369036,4.0024996,40.01426,41.134144
1605711501,42.8075,39.0,0.0,64.0,76.0,17.369036,4.0024996,40.01426,41.134144
1605711502,42.809444444444445,39.0,0.0,64.0,76.0,17.369036,4.0024996,40.01426,41.134144
1605711503,42.811388888888885,39.0,0.0,64.0,76.0,17.369036,4.0024996,40.01426,41.134144
1605711504,42.81333333333333,39.0,0.0,64.0,75.0,17.369036,4.0024996,40.01426,39.554497
1605711505,42.81527777777778,40.0,0.0,63.0,75.0,33.643383,4.0024996,39.216278,39.554497
1605711506,42.81722222222222,39.0,0.0,63.0,74.0,17.369036,4.0024996,39.216278,38.8593
1605711507,42.81916666666667,40.0,0.0,63.0,74.0,33.643383,4.0024996,39.216278,38.8593
1605711508,42.82111111111111,40.0,0.0,63.0,74.0,33.643383,4.0024996,39.216278,38.8593
1605711509,42.823055555555555,40.0,0.0,63.0,74.0,33.643383,4.0024996,39.216278,38.8593
1605711510,42.825,40.0,0.0,63.0,74.0,33.643383,4.0024996,39.216278,38.8593
1605711511,42.82694444444444,40.0,0.0,64.0,73.0,33.643383,4.0024996,40.01426,38.487522
1605711512,42.82888888888889,40.0,0.0,65.0,72.0,33.643383,4.0024996,41.064377,37.319862
1605711513,42.83083333333333,40.0,0.0,65.0,71.0,33.643383,4.0024996,41.064377,36.98432
1605711514,42.83277777777778,40.0,0.0,66.0,71.0,33.643383,4.0024996,41.37051,36.98432
1605711515,42.834722222222226,40.0,0.0,66.0,70.0,33.643383,4.0024996,41.37051,37.636467
1605711516,42.836666666666666,40.0,0.0,67.0,68.0,33.643383,4.0024996,41.547077,41.61796
1605711517,42.83861111111111,40.0,0.0,67.0,66.0,33.643383,4.0024996,41.547077,41.37051
1605711518,42.840555555555554,40.0,0.0,68.0,65.0,33.643383,4.0024996,41.61796,41.064377
1605711519,42.8425,40.0,0.0,68.0,65.0,33.643383,4.0024996,41.61796,41.064377
1605711520,42.84444444444444,39.0,0.0,67.0,64.0,17.369036,4.0024996,41.547077,40.01426
1605711521,42.84638888888889,39.0,0.0,67.0,64.0,17.369036,4.0024996,41.547077,40.01426
1605711522,42.848333333333336,39.0,0.0,67.0,64.0,17.369036,4.0024996,41.547077,40.01426
1605711523,42.85027777777778,39.0,0.0,67.0,63.0,17.369036,4.0024996,41.547077,39.216278
1605711524,42.852222222222224,39.0,0.0,67.0,63.0,17.369036,4.0024996,41.547077,39.216278
1605711525,42.854166666666664,39.0,0.0,67.0,63.0,17.369036,4.0024996,41.547077,39.216278
1605711526,42.85611111111111,39.0,0.0,66.0,63.0,17.369036,4.0024996,41.37051,39.216278
1605711527,42.85805555555555,39.0,0.0,66.0,63.0,17.369036,4.0024996,41.37051,39.216278
1605711528,42.86,39.0,0.0,66.0,63.0,17.369036,4.0024996,41.37051,39.216278
1605711529,42.86194444444445,39.0,0.0,66.0,64.0,17.369036,4.0024996,41.37051,40.01426
1605711530,42.86388888888889,38.0,0.0,66.0,64.0,17.369036,4.0024996,41.37051,40.01426
1605711531,42.865833333333335,38.0,0.0,66.0,64.0,17.369036,4.0024996,41.37051,40.01426
1605711532,42.867777777777775,38.0,0.0,66.0,65.0,17.369036,4.0024996,41.37051,41.064377
1605711533,42.86972222222222,38.0,0.0,66.0,65.0,17.369036,4.0024996,41.37051,41.064377
1605711534,42.87166666666667,38.0,0.0,66.0,66.0,17.369036,4.0024996,41.37051,41.37051
1605711535,42.87361111111111,37.0,0.0,66.0,66.0,17.369036,4.0024996,41.37051,41.37051
1605711536,42.87555555555556,37.0,0.0,66.0,67.0,17.369036,4.0024996,41.37051,41.547077
1605711537,42.8775,37.0,0.0,66.0,68.0,17.369036,4.0024996,41.37051,41.61796
1605711538,42.879444444444445,37.0,0.0,65.0,68.0,17.369036,4.0024996,41.064377,41.61796
1605711539,42.88138888888889,37.0,0.0,65.0,69.0,17.369036,4.0024996,41.064377,40.711266
1605711540,42.88333333333333,36.95,0.0,64.95,69.0,17.369036,4.0024996,40.53527,40.711266
1605711541,42.88527777777778,36.9,0.0,64.9,69.0,17.369036,4.0024996,40.53527,40.711266
1605711542,42.88722222222222,36.85,0.0,64.85,69.0,17.369036,4.0024996,40.53527,40.711266
1605711543,42.88916666666667,36.8,0.0,64.8,69.0,17.369036,4.0024996,40.53527,40.711266
1605711544,42.89111111111111,36.75,0.0,64.75,69.0,17.369036,4.0024996,40.53527,40.711266
1605711545,42.893055555555556,36.7,0.0,64.7,69.0,17.369036,4.0024996,40.059147,40.711266
1605711546,42.895,36.65,0.0,64.65,69.0,17.369036,4.0024996,40.059147,40.711266
1605711547,42.89694444444444,36.6,0.0,64.6,69.0,17.369036,4.0024996,40.059147,40.711266
1605711548,42.89888888888889,36.55,0.0,64.55,69.0,17.369036,4.0024996,40.059147,40.711266
1605711549,42.90083333333333,36.5,0.0,64.5,69.0,17.369036,4.0024996,40.059147,40.711266
1605711550,42.90277777777778,36.45,0.0,64.45,69.0,17.369036,4.0024996,40.26049,40.711266
1605711551,42.90472222222222,36.4,0.0,64.4,69.0,17.369036,4.0024996,40.26049,40.711266
1605711552,42.906666666666666,36.35,0.0,64.35,69.0,17.369036,4.0024996,40.26049,40.711266
1605711553,42.908611111111114,36.3,0.0,64.3,69.0,17.369036,4.0024996,40.26049,40.711266
1605711554,42.910555555555554,36.25,0.0,64.25,69.0,17.369036,4.0024996,40.26049,40.711266
1605711555,42.9125,36.2,0.0,64.2,69.0,17.369036,4.0024996,40.01426,40.711266
1605711556,42.91444444444444,36.15,0.0,64.15,69.0,17.369036,4.0024996,40.01426,40.711266
1605711557,42.91638888888889,36.1,0.0,64.1,69.0,17.369036,4.0024996,40.01426,40.711266
1605711558,42.91833333333334,36.05,0.0,64.05,69.0,17.369036,4.0024996,40.01426,40.711266
1605711559,42.92027777777778,36.0,0.0,64.0,69.0,17.369036,4.0024996,40.01426,40.711266
1605711560,42.922222222222224,37.0,0.0,64.0,70.0,17.369036,4.0024996,40.01426,37.636467
1605711561,42.924166666666665,37.0,0.0,64.0,70.0,17.369036,4.0024996,40.01426,37.636467
1605711562,42.92611111111111,37.0,0.0,63.0,71.0,17.369036,4.0024996,39.216278,36.98432
1605711563,42.92805555555556,37.0,0.0,63.0,71.0,17.369036,4.0024996,39.216278,36.98432
1605711564,42.93,37.0,0.0,63.0,71.0,17.369036,4.0024996,39.216278,36.98432
1605711565,42.93194444444445,37.0,0.0,64.0,71.0,17.369036,4.0024996,40.01426,36.98432
1605711566,42.93388888888889,38.0,0.0,64.0,71.0,17.369036,4.0024996,40.01426,36.98432
1605711567,42.935833333333335,38.0,0.0,64.0,70.0,17.369036,4.0024996,40.01426,37.636467
1605711568,42.937777777777775,38.0,0.0,64.0,70.0,17.369036,4.0024996,40.01426,37.636467
1605711569,42.93972222222222,38.0,0.0,65.0,70.0,17.369036,4.0024996,41.064377,37.636467
1605711570,42.94166666666666,38.0,0.0,65.0,71.0,17.369036,4.0024996,41.064377,36.98432
1605711571,42.94361111111111,39.0,0.0,65.0,71.0,17.369036,4.0024996,41.064377,36.98432
1605711572,42.94555555555556,39.0,0.0,66.0,71.0,17.369036,4.0024996,41.37051,36.98432
1605711573,42.9475,39.0,0.0,67.0,71.0,17.369036,4.0024996,41.547077,36.98432
1605711574,42.949444444444445,40.0,0.0,67.0,71.0,33.643383,4.0024996,41.547077,36.98432
1605711575,42.951388888888886,40.0,0.0,67.0,70.0,33.643383,4.0024996,41.547077,37.636467
1605711576,42.95333333333333,41.0,0.0,67.0,70.0,33.619213,4.0024996,41.547077,37.636467
1605711577,42.95527777777778,41.0,0.0,67.0,70.0,33.619213,4.0024996,41.547077,37.636467
1605711578,42.95722222222222,41.0,0.0,67.0,69.0,33.619213,4.0024996,41.547077,40.711266
1605711579,42.95916666666667,41.0,0.0,67.0,68.0,33.619213,4.0024996,41.547077,41.61796
1605711580,42.96111111111111,41.0,0.0,66.0,67.0,33.619213,4.0024996,41.37051,41.547077
1605711581,42.963055555555556,41.0,0.0,65.0,65.0,33.619213,4.0024996,41.064377,41.064377
1605711582,42.965,41.0,0.0,64.0,64.0,33.619213,4.0024996,40.01426,40.01426
1605711583,42.966944444444444,41.0,0.0,63.0,63.0,33.619213,4.0024996,39.216278,39.216278
1605711584,42.96888888888889,40.0,0.0,62.0,62.0,33.643383,4.0024996,39.572144,39.572144
1605711585,42.97083333333333,40.0,0.0,62.0,61.0,33.643383,4.0024996,39.572144,39.23413
1605711586,42.97277777777778,39.0,0.0,61.0,61.0,17.369036,4.0024996,39.23413,39.23413
1605711587,42.974722222222226,39.0,0.0,61.0,59.0,17.369036,4.0024996,39.23413,35.84081
1605711588,42.97666666666667,38.90476190476191,0.0,60.95238095238095,59.0,17.369036,4.0024996,38.663303,35.84081
1605711589,42.978611111111114,38.80952380952381,0.0,60.90476190476191,59.0,17.369036,4.0024996,38.663303,35.84081
1605711590,42.980555555555554,38.71428571428572,0.0,60.85714285714285,59.0,17.369036,4.0024996,38.663303,35.84081
1605711591,42.9825,38.61904761904762,0.0,60.80952380952381,59.0,17.369036,4.0024996,38.663303,35.84081
1605711592,42.98444444444444,38.523809523809526,0.0,60.76190476190476,59.0,17.369036,4.0024996,38.663303,35.84081
1605711593,42.98638888888889,38.42857142857143,0.0,60.71428571428572,59.0,17.369036,4.0024996,38.98744,35.84081
1605711594,42.98833333333333,38.333333333333336,0.0,60.66666666666666,59.0,17.369036,4.0024996,38.98744,35.84081
1605711595,42.99027777777778,38.23809523809524,0.0,60.61904761904762,59.0,17.369036,4.0024996,38.98744,35.84081
1605711596,42.992222222222225,38.142857142857146,0.0,60.57142857142857,59.0,17.369036,4.0024996,38.98744,35.84081
1605711597,42.994166666666665,38.04761904761905,0.0,60.523809523809526,59.0,17.369036,4.0024996,38.98744,35.84081
1605711598,42.99611111111111,37.95238095238095,0.0,60.47619047619048,59.0,17.369036,4.0024996,38.828175,35.84081
1605711599,42.99805555555555,37.85714285714285,0.0,60.42857142857143,59.0,17.369036,4.0024996,38.828175,35.84081
